4 0.549048 0.5688474375 0.1317720000000001 0.08300799999999997
3 0.475842 0.6933594375000001 0.11420199999999997 0.07421899999999992
5 0.3667640000000001 0.3906254375 0.1537340000000001 0.09960900000000006
5 0.21376300000000004 0.46630843749999995 0.137628 0.092773
1 0.306735 0.8227534375000001 0.11859400000000006 0.08105499999999999
2 0.44655899999999993 0.7895504375 0.12591499999999994 0.08886700000000003
2 0.6654470000000001 0.6728514375 0.12737900000000002 0.08789100000000016
4 0.3982430000000001 0.5776364375 0.12591500000000005 0.08886700000000003
2 0.22254800000000002 0.6420894375 0.125915 0.09082000000000012
2 0.33675 0.6977534375 0.12591499999999994 0.092773
3 0.66325 0.8496094375000001 0.131772 0.08789099999999994
