0 0.676424293520687 0.7767951716961499 0.08821208430913352 0.10718035379812707
0 0.7189700546448088 0.6279921748178982 0.09367681498829039 0.11966734651404787
1 0.5507414832162374 0.765348095733611 0.10070232630757225 0.11966734651404798
1 0.5897739890710383 0.6087412278876172 0.10382488680718205 0.1311134235171697
2 0.43208418423106953 0.7419354838709677 0.10850922716627626 0.13527608740894914
2 0.4476969867291179 0.5853276170655567 0.1147543481654959 0.14464133194588968
3 0.6143637782982045 0.4588973152965661 0.10616705698672912 0.13527608740894914
3 0.6533952849336457 0.29448457856399585 0.11085039812646369 0.1644117377731531
4 0.29547191256830596 0.5770032882414152 0.11163178766588608 0.14047866805411036
5 0.30327881342701024 0.3969828095733611 0.12880537080405924 0.18210231009365246
5 0.31967200624512104 0.1977103850156087 0.14754073380171737 0.20187271592091577
5 0.4562842779078846 0.41519284079084295 0.13505049180327866 0.17689873048907395
5 0.4957064793130368 0.22684703433923004 0.14988290398126464 0.20187271592091574
