5 0.662109 0.625 0.139844 0.172917
5 0.816016 0.582812 0.144531 0.165625
5 0.871875 0.777083 0.164062 0.210417
5 0.686719 0.827604 0.164062 0.219792
4 0.765625 0.423958 0.114062 0.11875
4 0.726953 0.297396 0.107031 0.103125
3 0.491797 0.643229 0.114844 0.140625
3 0.499609 0.828125 0.127344 0.170833
2 0.589844 0.325 0.114062 0.10625
2 0.622266 0.4625 0.119531 0.125
1 0.467969 0.344271 0.107813 0.107292
1 0.475 0.49375 0.115625 0.13125
0 0.338672 0.374479 0.100781 0.103125
0 0.331641 0.523438 0.103906 0.121875
