4 0.4488307251461991 0.43017600000000006 0.13157935087719308 0.08300799999999997
3 0.5219296988304096 0.30566400000000005 0.11403503801169584 0.07421899999999998
5 0.6308482280701757 0.6083980000000001 0.1535092426900585 0.09960900000000006
5 0.783625542397661 0.5327150000000002 0.13742678947368436 0.09277300000000005
1 0.6907894663742693 0.1762700000000001 0.11842061695906425 0.08105500000000004
2 0.5511698874269009 0.20947300000000008 0.12573091374269002 0.08886700000000003
2 0.33260189912280724 0.3261720000000001 0.12719277339181284 0.08789100000000005
4 0.5994152500000002 0.42138700000000007 0.12573091374269008 0.08886699999999997
2 0.7748533859649125 0.3569340000000001 0.12573091374269008 0.09082000000000007
2 0.6608183479532166 0.30127000000000004 0.12573091374269008 0.092773
3 0.33479568713450325 0.14941400000000002 0.13157935087719302 0.087891
