5 0.333203 0.36614599999999997 0.127344 0.11770799999999998
5 0.478516 0.354167 0.12578100000000003 0.125
5 0.508203 0.253646 0.11953099999999994 0.09895799999999999
5 0.367969 0.257812 0.12187500000000001 0.10312500000000002
1 0.634375 0.4875 0.125 0.13333300000000003
1 0.616797 0.683854 0.14609400000000006 0.17604200000000003
0 0.809375 0.490104 0.12968800000000003 0.12812500000000004
0 0.8160160000000001 0.674479 0.138281 0.16770799999999997
2 0.462891 0.490625 0.138281 0.13333299999999998
2 0.438281 0.66875 0.14687499999999998 0.17499999999999993
4 0.29570299999999994 0.509375 0.13671899999999998 0.12916700000000003
4 0.245703 0.666667 0.149219 0.170833
3 0.646484 0.259375 0.09765599999999997 0.08541699999999999
3 0.636719 0.360417 0.11250000000000004 0.09375
