2 0.537109 0.390625 0.135156 0.164583
2 0.523047 0.197917 0.127344 0.15
1 0.377344 0.196875 0.123438 0.1625
1 0.364453 0.398958 0.136719 0.160417
0 0.217188 0.207292 0.114062 0.139583
0 0.19375 0.406771 0.132812 0.161458
3 0.359766 0.59375 0.135156 0.16875
3 0.335938 0.805208 0.139063 0.195833
4 0.692578 0.189583 0.124219 0.1375
4 0.707812 0.361979 0.123438 0.159375
5 0.554688 0.6 0.159375 0.216667
5 0.733984 0.571354 0.160156 0.198958
5 0.746875 0.817187 0.171875 0.230208
5 0.546484 0.835938 0.174219 0.236458
