4 0.430176 0.549048 0.08300799999999997 0.131772
3 0.30566399999999994 0.475842 0.07421899999999998 0.11420199999999997
5 0.608398 0.366764 0.09960900000000006 0.15373400000000004
5 0.532715 0.21376299999999998 0.092773 0.13762799999999997
1 0.17627000000000004 0.306735 0.08105500000000002 0.11859400000000003
2 0.20947300000000002 0.44655899999999993 0.08886700000000003 0.12591499999999994
2 0.326172 0.6654470000000001 0.087891 0.12737900000000002
4 0.42138699999999996 0.398243 0.08886699999999997 0.125915
2 0.356934 0.22254799999999997 0.09082000000000001 0.12591499999999997
2 0.30127 0.33675 0.092773 0.125915
3 0.149414 0.66325 0.087891 0.131772
