5 0.326172 0.404687 0.116406 0.128125
5 0.455859 0.389583 0.117969 0.125
5 0.337109 0.285417 0.102344 0.110417
5 0.466797 0.277083 0.113281 0.10625
0 0.736719 0.502604 0.101562 0.113542
0 0.753906 0.671875 0.117188 0.133333
1 0.603516 0.5125 0.119531 0.127083
1 0.601172 0.684375 0.122656 0.145833
3 0.591406 0.388542 0.104688 0.102083
3 0.592187 0.282813 0.096875 0.088542
2 0.461719 0.528125 0.117188 0.122917
2 0.461328 0.690104 0.128906 0.157292
4 0.314453 0.548958 0.113281 0.127083
4 0.297266 0.70625 0.121094 0.15625
