0 0.853125 0.658333 0.10624999999999996 0.19999999999999996
1 0.71875 0.659722 0.12187499999999996 0.213889
2 0.582031 0.656944 0.12656199999999995 0.22499999999999998
3 0.446094 0.654167 0.11406200000000005 0.213889
4 0.314844 0.648611 0.12343799999999999 0.22499999999999998
5 0.167187 0.661111 0.14687500000000003 0.261111
5 0.164844 0.341667 0.14843799999999996 0.261111
4 0.3132809999999999 0.331944 0.12343799999999999 0.21944399999999997
3 0.444531 0.340278 0.11718800000000001 0.208333
2 0.572656 0.341667 0.12656199999999995 0.22222200000000003
1 0.7093750000000001 0.341667 0.11875000000000002 0.20555599999999996
0 0.8414060000000001 0.35138899999999995 0.10781300000000005 0.19166699999999998
