0 0.14531250000000007 0.3379504709141275 0.1062500000000001 0.19944598337950128
1 0.27968750000000003 0.3365653185595567 0.12187500000000007 0.21329650969529088
2 0.4164065000000001 0.3393356232686982 0.126562 0.22437673130193905
3 0.5523435 0.34210493074792236 0.11406200000000005 0.213296509695291
4 0.6835935 0.3476455401662051 0.12343800000000005 0.22437673130193916
5 0.8312504999999999 0.33518016620498636 0.14687499999999998 0.26038770083102486
5 0.8335935000000001 0.6537392797783934 0.14843799999999996 0.260387700831025
4 0.6851565000000001 0.6634353462603879 0.12343800000000016 0.21883612188365653
3 0.5539065 0.6551244321329641 0.11718800000000001 0.2077559002770083
2 0.42578150000000003 0.6537392797783934 0.126562 0.22160642659279783
1 0.2890625 0.6537392797783933 0.11875000000000002 0.20498659279778386
0 0.1570315 0.6440442105263158 0.10781299999999999 0.19113606648199444
