5 0.64375 0.497917 0.28125 0.225
5 0.359375 0.511458 0.278125 0.23125
1 0.517969 0.684375 0.248438 0.20625
4 0.891406 0.511458 0.217188 0.210417
4 0.109375 0.535417 0.2125 0.204167
0 0.228125 0.69375 0.228125 0.195833
2 0.772656 0.709375 0.267188 0.227083
2 0.417187 0.3125 0.23125 0.170833
4 0.65 0.301042 0.221875 0.16875
4 0.370312 0.866667 0.25625 0.233333
3 0.870313 0.327083 0.215625 0.158333
3 0.188281 0.359375 0.214062 0.177083
1 0.871094 0.904167 0.257812 0.191667
5 0.111719 0.871875 0.220312 0.25625
3 0.807031 0.158333 0.198437 0.158333
2 0.396094 0.145833 0.223438 0.154167
0 0.60625 0.148958 0.196875 0.139583
0 0.939063 0.107292 0.121875 0.139583
0 0.194531 0.201042 0.201563 0.147917
0 0.069531 0.070833 0.135937 0.1375
1 0.046875 0.223958 0.090625 0.164583
3 0.244531 0.057292 0.185938 0.110417
5 0.514062 0.045833 0.24375 0.0875
3 0.740625 0.04375 0.1875 0.083333
