0 0.49531200000000003 0.670833 0.13750000000000007 0.15000000000000002
0 0.609375 0.8697920000000001 0.15000000000000002 0.177083
0 0.259375 0.84375 0.14687500000000003 0.17499999999999993
4 0.413281 0.8958330000000001 0.16093800000000003 0.208333
2 0.710156 0.733333 0.17031300000000005 0.19166700000000003
3 0.444531 0.55625 0.13593699999999997 0.14583299999999993
3 0.510156 0.459375 0.13593699999999997 0.139583
2 0.863281 0.563542 0.16406200000000004 0.172917
2 0.589844 0.55625 0.16093800000000003 0.16666700000000007
2 0.355469 0.4489580000000001 0.14843799999999996 0.15208300000000002
2 0.274219 0.5958329999999998 0.15468799999999996 0.166667
2 0.383594 0.711458 0.154688 0.18541699999999994
1 0.539062 0.71875 0.14375000000000004 0.166667
0 0.720313 0.559375 0.13124999999999998 0.15625
5 0.130469 0.7104169999999999 0.19843699999999997 0.22499999999999998
