5 0.5564288621646625 0.3716164885496185 0.2488435892691952 0.18528832755031216
5 0.23543008325624418 0.5569048160999306 0.20814027752081404 0.15752960444136022
2 0.30851041628122117 0.6946561554476058 0.19148969472710464 0.13324047189451782
2 0.3774286031452361 0.2140878834142957 0.20906542090656804 0.17557207494795282
3 0.6170217576318224 0.20020852185981974 0.19796469935245142 0.1644687855655795
4 0.7382055504162813 0.47571120055517024 0.21831685476410723 0.153365496183206
4 0.4167441998149861 0.6214429979181125 0.17853868640148013 0.1297708813324081
4 0.5370028492136911 0.5135319361554477 0.18963940795559675 0.14295672449687724
0 0.682238371877891 0.6099929493407359 0.19333998149861242 0.12907736294240102
0 0.37002745605920445 0.46981229701596117 0.16466253469010173 0.12907736294240113
2 0.8006477335800186 0.31054789729354637 0.2340422941720629 0.17973618320610685
