3 0.4527710226385637 0.601977273673257 0.08899347384855583 0.09261152965660768
3 0.41061695550351274 0.6945888033298647 0.09211603434816557 0.09677419354838723
1 0.49375500390320065 0.4901147970863684 0.10070232630757225 0.12278909469302796
1 0.559328774395004 0.338189053069719 0.11631512880562067 0.14151958376690948
0 0.35948490241998443 0.4469307804370447 0.11319256830601088 0.11550468262226854
0 0.41647138173302123 0.2898024557752342 0.11943768930523019 0.1404786680541103
4 0.7388755035128807 0.5442244328824143 0.09914154566744748 0.10405860561914665
4 0.8021081030444965 0.4245580853277836 0.1085092271662762 0.12278909469302818
5 0.6787664637002342 0.6519252445369408 0.10070232630757225 0.10509852237252859
5 0.5698675409836067 0.6363165036420396 0.10304449648711944 0.10926118626430803
5 0.5179550975800157 0.7289280332986473 0.1007023263075722 0.09885502601456819
5 0.6280251053864169 0.7502598126951093 0.09445720530835278 0.0978151092611863
