4 0.526563 0.251563 0.09218799999999999 0.09062499999999998
4 0.595313 0.332813 0.089063 0.10104200000000002
1 0.345703 0.420833 0.09453099999999998 0.10625000000000001
1 0.407813 0.539062 0.10781299999999999 0.12812500000000004
0 0.247266 0.515625 0.099219 0.10833300000000001
0 0.30664100000000005 0.638021 0.103906 0.12187499999999996
3 0.477734 0.638021 0.10234399999999999 0.11979200000000001
3 0.549219 0.767708 0.12343799999999999 0.15416699999999994
5 0.59375 0.531771 0.12812499999999993 0.14270799999999995
5 0.671484 0.660937 0.138281 0.15937500000000004
5 0.775781 0.532813 0.13593699999999997 0.155208
5 0.680859 0.426563 0.11953100000000005 0.138542
2 0.43203100000000005 0.339062 0.09531200000000001 0.107292
2 0.505078 0.4333330000000001 0.10546900000000003 0.12083300000000002
