0 0.31718800000000014 0.64687475 0.13020800000000005 0.10312499999999991
0 0.508854 0.6644527500000001 0.14479200000000003 0.1023440000000001
1 0.31302100000000005 0.50273475 0.14687500000000006 0.11328100000000002
1 0.5098960000000001 0.51953175 0.153125 0.11562500000000003
2 0.31354200000000004 0.3664067499999999 0.15416699999999997 0.12343799999999994
2 0.504167 0.36171875 0.16249999999999998 0.125
3 0.684375 0.5226567499999999 0.15000000000000002 0.11562499999999998
3 0.8697920000000001 0.5398437500000001 0.16458300000000003 0.11406199999999994
4 0.31145800000000007 0.20468774999999995 0.14999999999999994 0.1187500000000001
4 0.48750000000000004 0.19960975000000003 0.154167 0.1226560000000001
5 0.7 0.35195275000000004 0.18958299999999995 0.14453100000000002
5 0.6901040000000002 0.1898437500000001 0.188542 0.145313
5 0.8994790000000001 0.18515575000000017 0.20104199999999983 0.1484380000000001
5 0.902604 0.3660157500000001 0.19479199999999997 0.1492190000000002
