5 0.64375 0.497917 0.28125 0.22499999999999998
5 0.359375 0.511458 0.27812499999999996 0.23125000000000007
1 0.517969 0.684375 0.24843799999999994 0.20624999999999993
4 0.891406 0.511458 0.21718799999999994 0.21041700000000002
4 0.109375 0.535417 0.21250000000000002 0.204167
0 0.228125 0.6937500000000001 0.22812499999999997 0.19583300000000003
2 0.772656 0.7093750000000001 0.267188 0.22708300000000003
2 0.41718700000000003 0.3125 0.23125000000000007 0.170833
4 0.65 0.301042 0.22187500000000004 0.16875000000000004
4 0.370312 0.866667 0.25625 0.233333
3 0.870313 0.327083 0.21562499999999996 0.15833300000000003
3 0.188281 0.359375 0.21406200000000003 0.177083
1 0.871094 0.90416675 0.25781199999999993 0.19166649999999996
5 0.11171899999999998 0.871875 0.220312 0.25625
3 0.807031 0.158333 0.19843699999999997 0.158333
2 0.39609399999999995 0.145833 0.22343799999999997 0.154167
0 0.60625 0.148958 0.19687500000000002 0.139583
0 0.93906275 0.107292 0.1218745 0.139583
0 0.194531 0.201042 0.20156299999999996 0.14791699999999997
0 0.069531 0.07083300000000001 0.135937 0.1375
1 0.046875 0.22395799999999996 0.09062500000000001 0.16458299999999998
3 0.244531 0.057292 0.18593800000000002 0.110417
5 0.514062 0.045833 0.24374999999999997 0.0875
3 0.740625 0.04375 0.1875 0.08333300000000002
