4 0.7466176066597295 0.5265630000000001 0.09053069719042672 0.09218799999999999
4 0.6654521540062436 0.5953130000000002 0.10093685744016656 0.08906300000000023
1 0.5775237460978149 0.345703 0.10613943808532778 0.09453099999999998
1 0.4594177731529657 0.40781300000000004 0.1279916753381895 0.10781300000000005
0 0.48283038501560893 0.2472660000000001 0.10822027055150879 0.09921900000000006
0 0.3605617481789804 0.30664100000000005 0.12174817898022894 0.103906
3 0.36056174817898035 0.47773400000000005 0.11966734651404787 0.1023440000000001
3 0.23100969823100953 0.549219 0.15400657648283037 0.12343799999999999
5 0.4667011862643082 0.59375 0.1425595005202912 0.12812500000000004
5 0.3376695941727368 0.671484 0.15920915712799188 0.1382810000000001
5 0.4656602705515088 0.7757810000000002 0.15504649323621228 0.13593699999999997
5 0.5717997086368367 0.680859 0.13839783558792929 0.11953100000000005
2 0.6592096566077004 0.43203100000000016 0.10718035379812696 0.09531200000000012
2 0.5650367533818939 0.5050780000000001 0.12070726326742987 0.10546899999999992
