5 0.625 0.3371097500000001 0.17291700000000032 0.13984400000000002
5 0.5828120000000001 0.18320275000000005 0.16562500000000002 0.1445309999999999
5 0.7770830000000001 0.12734374999999995 0.21041700000000008 0.1640620000000001
5 0.827604 0.31249975 0.2197920000000001 0.16406200000000004
4 0.42395800000000006 0.2335937500000001 0.11875000000000002 0.11406200000000002
4 0.29739600000000005 0.2722657500000001 0.10312499999999994 0.10703099999999999
3 0.643229 0.50742175 0.140625 0.11484399999999989
3 0.828125 0.49960975 0.1708329999999998 0.127344
2 0.3250000000000001 0.40937475 0.10624999999999996 0.114062
2 0.4625 0.37695275000000006 0.12499999999999994 0.11953099999999994
1 0.3442710000000001 0.53124975 0.10729200000000005 0.1078130000000001
1 0.49375000000000013 0.52421875 0.13124999999999992 0.11562499999999998
0 0.374479 0.66054675 0.10312500000000002 0.10078100000000001
0 0.523438 0.66757775 0.12187499999999996 0.10390600000000005
