0 0.3601559999999999 0.4367185 0.12343799999999994 0.13281199999999987
0 0.732031 0.6492185 0.13906299999999994 0.13593699999999997
0 0.9078130000000001 0.4656245000000001 0.13750000000000018 0.140625
0 0.35546900000000003 0.07578149999999999 0.12031300000000006 0.135937
0 0.09453100000000003 0.5398435 0.120313 0.13281199999999999
0 0.373437 0.8789065 0.125 0.12656199999999995
1 0.09687500000000004 0.4031245 0.125 0.13750000000000012
1 0.153125 0.7914065 0.13124999999999998 0.13906299999999994
1 0.6257810000000001 0.10312549999999998 0.15156200000000009 0.16562500000000002
1 0.885156 0.18125050000000004 0.16718700000000009 0.15937500000000007
1 0.765625 0.8039065 0.15937500000000004 0.14531300000000003
2 0.25625000000000003 0.19140649999999998 0.14375000000000004 0.160938
2 0.492969 0.39062549999999996 0.14531300000000003 0.15625
2 0.7218750000000002 0.22421850000000007 0.15312500000000018 0.16093800000000008
2 0.889062 0.6242185 0.1656249999999999 0.17656299999999991
2 0.442188 0.7304685 0.140625 0.15781199999999995
3 0.15625000000000006 0.2796875 0.12187499999999998 0.13437500000000008
3 0.265625 0.3335935 0.13437499999999997 0.13593700000000003
3 0.4820310000000001 0.11562549999999999 0.14218700000000006 0.14375
3 0.7765630000000001 0.5093745 0.15000000000000013 0.1468750000000001
3 0.511719 0.8671875 0.13906300000000005 0.14375000000000004
3 0.25 0.9015625 0.12187499999999998 0.14374999999999993
3 0.310937 0.6039065 0.12812500000000002 0.13593699999999997
4 0.18281200000000003 0.6429685 0.12187500000000004 0.13593700000000009
4 0.614062 0.5562495 0.15312499999999996 0.1625000000000001
4 0.565625 0.25312450000000003 0.15000000000000013 0.15312499999999998
4 0.833594 0.3390625 0.17031300000000005 0.16562500000000002
4 0.654687 0.9078125 0.15312500000000007 0.15625
5 0.292187 0.7546875 0.15937500000000002 0.18125000000000002
5 0.22187500000000004 0.4835935 0.1625 0.17656300000000003
5 0.39609400000000006 0.25859350000000003 0.173437 0.17656300000000008
5 0.6585939999999999 0.3937495000000001 0.17968799999999996 0.1781250000000001
5 0.60625 0.7406255 0.18125000000000002 0.18125000000000013
5 0.455469 0.5601565 0.17968800000000001 0.173437
