5 0.404687 0.67304675 0.12812500000000004 0.11640600000000001
5 0.38958300000000007 0.54335975 0.125 0.11796900000000005
5 0.28541700000000003 0.6621097499999999 0.11041700000000002 0.10234399999999999
5 0.2770830000000001 0.5324217499999999 0.10625000000000001 0.11328099999999991
0 0.5026040000000002 0.2624997499999999 0.1135420000000002 0.10156200000000004
0 0.6718750000000001 0.24531275000000013 0.13333300000000015 0.11718799999999988
1 0.5125 0.39570275 0.1270829999999999 0.11953100000000011
1 0.684375 0.39804675 0.145833 0.12265599999999999
3 0.38854200000000005 0.40781275000000006 0.10208299999999998 0.10468799999999995
3 0.28281300000000004 0.40703175 0.08854200000000004 0.09687499999999999
2 0.5281250000000001 0.53749975 0.122917 0.11718799999999996
2 0.690104 0.5378907499999999 0.157292 0.12890600000000008
4 0.548958 0.6847657500000001 0.127083 0.11328099999999997
4 0.70625 0.70195275 0.15625 0.12109400000000015
