0 0.495312 0.670833 0.1375 0.15
0 0.609375 0.869792 0.15 0.177083
0 0.259375 0.84375 0.146875 0.175
4 0.413281 0.895833 0.160938 0.208333
2 0.710156 0.733333 0.170313 0.191667
3 0.444531 0.55625 0.135937 0.145833
3 0.510156 0.459375 0.135937 0.139583
2 0.863281 0.563542 0.164062 0.172917
2 0.589844 0.55625 0.160938 0.166667
2 0.355469 0.448958 0.148438 0.152083
2 0.274219 0.595833 0.154688 0.166667
2 0.383594 0.711458 0.154688 0.185417
1 0.539062 0.71875 0.14375 0.166667
0 0.720313 0.559375 0.13125 0.15625
5 0.130469 0.710417 0.198437 0.225
