5 0.3735691987513008 0.662109 0.17273706555671198 0.13984399999999986
5 0.4157132986472425 0.8160160000000001 0.16545265348595223 0.14453100000000008
5 0.2216444536940687 0.8718750000000002 0.21019804370447448 0.16406200000000004
5 0.17117602497398549 0.6867190000000001 0.21956328824141527 0.16406200000000004
4 0.5744019979188346 0.765625 0.1186264308012488 0.11406200000000011
4 0.7008322996878253 0.7269530000000001 0.10301768990634741 0.1070310000000001
3 0.355359167533819 0.49179699999999993 0.1404786680541103 0.11484399999999989
3 0.17065556711758598 0.4996090000000001 0.17065523413111333 0.12734400000000012
2 0.6732570239334027 0.589844 0.10613943808532778 0.11406200000000022
2 0.5359001040582727 0.622266 0.12486992715920925 0.11953099999999994
1 0.654006077003122 0.4679690000000001 0.10718035379812696 0.10781300000000016
1 0.5046826222684704 0.475 0.13111342351716965 0.11562500000000003
0 0.6238295109261188 0.3386720000000001 0.10301768990634752 0.10078100000000001
0 0.47502551508844976 0.3316410000000001 0.12174817898022894 0.103906
