5 0.6321538397502603 0.33320300000000014 0.1175855150884495 0.12734400000000007
5 0.6441203746097817 0.47851600000000005 0.12486992715920919 0.12578100000000014
5 0.7445367741935485 0.5082030000000001 0.09885502601456819 0.11953100000000011
5 0.7403751092611864 0.3679690000000001 0.10301768990634752 0.12187500000000001
1 0.5109261186264309 0.634375 0.13319425598335066 0.125
1 0.31477644120707615 0.6167970000000002 0.17585881373569207 0.14609399999999995
0 0.5083248283038502 0.809375 0.12799167533818945 0.12968800000000014
0 0.3241416857440166 0.8160160000000001 0.1675334859521331 0.1382810000000002
2 0.5078043704474507 0.46289100000000005 0.13319425598335072 0.1382810000000001
2 0.3298647242455778 0.43828100000000003 0.17481789802289285 0.14687499999999992
4 0.48907388137356933 0.29570300000000005 0.12903259105098863 0.13671900000000006
4 0.33194555671175874 0.24570300000000006 0.17065523413111355 0.14921900000000002
3 0.7388137356919875 0.6464840000000001 0.0853281165452654 0.09765599999999997
3 0.6378768782518212 0.6367190000000003 0.09365244536940687 0.11250000000000016
