5 0.4989601663201664 0.64375 0.2245322245322247 0.28125
5 0.48544731808731817 0.359375 0.23076923076923073 0.27812499999999996
1 0.3128898128898131 0.517969 0.20582120582120583 0.24843799999999988
4 0.4854473180873182 0.891406 0.20997954261954277 0.21718799999999994
4 0.46153812889812906 0.10937500000000007 0.20374253638253642 0.21250000000000005
0 0.30353430353430366 0.22812500000000002 0.19542586278586294 0.22812500000000002
2 0.28794178794178793 0.7726560000000001 0.22661089397089412 0.2671880000000002
2 0.6839916839916841 0.41718700000000014 0.170477837837838 0.23125000000000007
4 0.6954258627858629 0.6500000000000001 0.16839916839916835 0.22187500000000016
4 0.13097679833679854 0.370312 0.23284790020790022 0.25625000000000003
3 0.669439002079002 0.8703130000000001 0.1580038253638255 0.21562500000000018
3 0.6372141372141373 0.1882810000000001 0.17671484407484417 0.21406200000000006
1 0.0945945114345114 0.871094 0.1891890228690228 0.25781200000000004
5 0.126819126819127 0.11171900000000001 0.253638253638254 0.22031200000000006
3 0.8378381704781706 0.8070310000000002 0.1580038253638254 0.19843699999999997
2 0.8503121829521831 0.39609400000000017 0.15384648648648647 0.22343800000000008
0 0.8471936798336799 0.6062500000000002 0.13929280665280674 0.1968749999999999
0 0.8887730561330561 0.9390627500000001 0.13929280665280674 0.12187449999999989
0 0.7952179625779627 0.19453100000000012 0.14760948024948017 0.20156300000000002
0 0.925156257796258 0.06953100000000012 0.13721413721413722 0.13593700000000003
1 0.7723496049896053 0.046875000000000104 0.16424083160083158 0.09062500000000002
3 0.9386691060291061 0.2445310000000001 0.11018744282744297 0.18593800000000002
5 0.9501042827442829 0.5140620000000002 0.08731808731808732 0.24375000000000002
3 0.9521829521829522 0.7406250000000002 0.08315975051975055 0.1875
