0 0.3812591187410586 0.8444652977099238 0.18454960228898432 0.2538166908396947
1 0.6351933161659513 0.8425569465648857 0.20886975965665255 0.2652667977099238
2 0.37696726752503584 0.5085875114503817 0.22174531330472108 0.28816800954198474
3 0.12517899570815458 0.5009541068702291 0.19885510729613737 0.2614500954198474
4 0.3769672675250359 0.16984719847328253 0.2045779084406295 0.2709928492366413
5 0.12947084692417743 0.1641221679389314 0.25894102432045796 0.3282443358778628
0 0.8869815879828327 0.8435111221374048 0.18597955364806873 0.2557250419847329
1 0.12875487267525046 0.8416027709923665 0.20314695851216025 0.2748095515267177
2 0.8841196881258941 0.5076333358778629 0.20886975965665233 0.2900763606870229
3 0.6337623662374822 0.49999993129771 0.197425155937053 0.26717514885496174
4 0.8819737625178827 0.16507632061068722 0.20171700715307572 0.28053460496183213
5 0.6294705150214592 0.16507634351145054 0.25178827181688124 0.33015268702290107
