3 0.5460939999999999 0.396354 0.089063 0.09270800000000001
3 0.588281 0.30364599999999997 0.09218800000000005 0.09687499999999999
1 0.505078 0.508333 0.10078100000000001 0.12291699999999994
1 0.439453 0.660417 0.11640600000000001 0.141667
0 0.639453 0.551562 0.11328099999999997 0.11562500000000003
0 0.582422 0.708854 0.11953099999999994 0.140625
4 0.259766 0.454167 0.09921900000000003 0.10416699999999995
4 0.19648400000000002 0.573958 0.10859400000000002 0.12291700000000005
5 0.319922 0.34635400000000005 0.10078100000000001 0.10520800000000002
5 0.428906 0.361979 0.10312499999999997 0.109375
5 0.4808589999999999 0.269271 0.10078099999999995 0.09895799999999999
5 0.370703 0.24791699999999997 0.09453099999999998 0.09791699999999998
