5 0.51875 0.4484377500000001 0.14791699999999997 0.140625
5 0.5057290000000001 0.29570275 0.15520800000000007 0.13984399999999997
5 0.683333 0.26249975000000003 0.1937500000000001 0.16093799999999997
5 0.694792 0.4511717500000001 0.19999999999999996 0.15859399999999996
4 0.24895800000000007 0.3406247499999999 0.09583300000000003 0.098437
4 0.360417 0.32226575 0.11249999999999999 0.11640600000000001
3 0.515625 0.61289075 0.12708299999999995 0.11640600000000001
3 0.670312 0.63281275 0.157292 0.12343800000000016
2 0.2567710000000001 0.47851575 0.09479200000000007 0.10546900000000003
2 0.37760400000000005 0.4656247499999999 0.11770799999999998 0.11562500000000003
1 0.25781200000000004 0.59257775 0.09270800000000004 0.10078100000000001
1 0.38333300000000003 0.60898475 0.11458300000000005 0.10546900000000003
0 0.26770800000000006 0.7167967500000001 0.08124999999999999 0.09453100000000003
0 0.389062 0.74570275 0.10520799999999997 0.10390599999999994
