5 0.333203 0.366146 0.127344 0.117708
5 0.478516 0.354167 0.125781 0.125
5 0.508203 0.253646 0.119531 0.098958
5 0.367969 0.257812 0.121875 0.103125
1 0.634375 0.4875 0.125 0.133333
1 0.616797 0.683854 0.146094 0.176042
0 0.809375 0.490104 0.129688 0.128125
0 0.816016 0.674479 0.138281 0.167708
2 0.462891 0.490625 0.138281 0.133333
2 0.438281 0.66875 0.146875 0.175
4 0.295703 0.509375 0.136719 0.129167
4 0.245703 0.666667 0.149219 0.170833
3 0.646484 0.259375 0.097656 0.085417
3 0.636719 0.360417 0.1125 0.09375
