4 0.526563 0.251563 0.092188 0.090625
4 0.595313 0.332813 0.089063 0.101042
1 0.345703 0.420833 0.094531 0.10625
1 0.407813 0.539062 0.107813 0.128125
0 0.247266 0.515625 0.099219 0.108333
0 0.306641 0.638021 0.103906 0.121875
3 0.477734 0.638021 0.102344 0.119792
3 0.549219 0.767708 0.123438 0.154167
5 0.59375 0.531771 0.128125 0.142708
5 0.671484 0.660937 0.138281 0.159375
5 0.775781 0.532813 0.135937 0.155208
5 0.680859 0.426563 0.119531 0.138542
2 0.432031 0.339062 0.095312 0.107292
2 0.505078 0.433333 0.105469 0.120833
