5 0.49791700000000005 0.3546875 0.22500000000000003 0.28125
5 0.511458 0.6390625 0.23125000000000007 0.27812499999999996
1 0.684375 0.4804685 0.20624999999999993 0.24843800000000005
4 0.5114580000000001 0.10781274999999998 0.21041700000000008 0.21562549999999997
4 0.535417 0.8890625000000001 0.204167 0.21250000000000002
0 0.6937500000000001 0.7703125 0.19583300000000003 0.22812500000000002
2 0.7093750000000001 0.22578149999999997 0.22708300000000015 0.267188
2 0.31250000000000006 0.5812505 0.17083300000000004 0.23125
4 0.30104200000000003 0.34843749999999996 0.16875000000000007 0.221875
4 0.866667 0.6281255000000001 0.233333 0.25625
3 0.32708300000000007 0.1281245 0.15833300000000003 0.21562499999999998
3 0.359375 0.8101565 0.177083 0.21406200000000009
1 0.9041667500000001 0.12812475 0.19166649999999985 0.2562495
5 0.871875 0.8867185 0.25625 0.22031199999999995
3 0.15833300000000006 0.19140649999999995 0.158333 0.19843699999999992
2 0.14583300000000002 0.6023435 0.154167 0.22343800000000003
0 0.14895800000000006 0.3921875 0.139583 0.19687499999999997
0 0.10729200000000008 0.06015600000000001 0.139583 0.12031200000000002
0 0.201042 0.8039065 0.14791699999999994 0.20156299999999994
0 0.07083300000000001 0.9289065 0.1375 0.13593699999999997
1 0.22395799999999996 0.9515625 0.16458299999999998 0.09062499999999996
3 0.05729200000000003 0.7539065 0.11041700000000003 0.18593800000000005
5 0.04583300000000004 0.4843755 0.08750000000000002 0.24375000000000002
3 0.04375000000000006 0.2578125 0.08333300000000003 0.1875
