5 0.366146 0.6660157499999999 0.11770800000000003 0.127344
5 0.35416700000000007 0.5207027500000001 0.125 0.12578100000000003
5 0.25364600000000004 0.4910157500000001 0.09895800000000002 0.11953100000000005
5 0.25781200000000004 0.63124975 0.10312500000000005 0.12187500000000007
1 0.48749999999999993 0.36484375 0.13333299999999987 0.125
1 0.683854 0.3824217499999999 0.17604200000000003 0.146094
0 0.4901040000000001 0.1898437500000001 0.1281250000000001 0.129688
0 0.6744790000000003 0.18320274999999997 0.16770799999999986 0.1382810000000001
2 0.490625 0.53632775 0.13333299999999992 0.13828100000000004
2 0.66875 0.5609377500000001 0.17499999999999993 0.14687499999999998
4 0.509375 0.70351575 0.12916700000000003 0.13671900000000015
4 0.666667 0.75351575 0.170833 0.149219
3 0.2593750000000001 0.3527347500000001 0.08541699999999999 0.09765600000000002
3 0.36041700000000004 0.36249975 0.09375 0.1125000000000001
