0 0.8444652977099237 0.6167620000000003 0.2538166908396946 0.18481400000000003
1 0.8425569465648857 0.3624640000000002 0.2652667977099238 0.20916900000000005
2 0.5085875114503817 0.6210600000000002 0.28816800954198485 0.222063
3 0.500954106870229 0.8732090000000001 0.2614500954198474 0.1991400000000002
4 0.16984719847328247 0.62106 0.2709928492366414 0.20487100000000014
5 0.16412216793893133 0.868911 0.32824433587786267 0.259312
0 0.8435111221374048 0.11031500000000014 0.2557250419847329 0.18624600000000008
1 0.8416027709923665 0.8696280000000001 0.2748095515267177 0.203438
2 0.5076333358778629 0.11318100000000006 0.2900763606870229 0.209169
3 0.49999993129771 0.36389700000000014 0.26717514885496174 0.19770799999999994
4 0.16507632061068722 0.11533000000000003 0.28053460496183213 0.20200600000000005
5 0.16507634351145048 0.36819500000000005 0.33015268702290096 0.25214900000000007
