0 0.352344 0.317188 0.10312499999999997 0.130208
0 0.334766 0.508854 0.10234399999999999 0.14479200000000003
1 0.49648400000000004 0.313021 0.11328100000000002 0.14687500000000003
1 0.479687 0.509896 0.11562500000000003 0.15312499999999996
2 0.6328120000000002 0.313542 0.12343800000000005 0.15416699999999997
2 0.6375 0.504167 0.125 0.16250000000000003
3 0.476562 0.684375 0.11562499999999998 0.15000000000000002
3 0.459375 0.8697920000000001 0.11406199999999994 0.16458300000000003
4 0.7945310000000001 0.311458 0.11875000000000002 0.14999999999999997
4 0.799609 0.48749999999999993 0.12265599999999999 0.15416699999999994
5 0.647266 0.7 0.14453099999999997 0.18958299999999995
5 0.809375 0.690104 0.14531300000000003 0.188542
5 0.814063 0.899479 0.14843799999999996 0.20104199999999994
5 0.633203 0.902604 0.149219 0.19479199999999997
