3 0.457729 0.422705 0.130435 0.136876
2 0.362319 0.635266 0.15942 0.178744
4 0.231884 0.764895 0.152174 0.173913
2 0.660024 0.806763 0.167874 0.202899
1 0.756643 0.89694 0.167874 0.186795
0 0.717995 0.425121 0.129227 0.122383
5 0.528986 0.141707 0.15942 0.151369
5 0.808575 0.320451 0.17029 0.173913
5 0.768116 0.161031 0.166667 0.15781
4 0.103865 0.73752 0.15942 0.186795
4 0.533213 0.911433 0.167874 0.177134
4 0.245169 0.935588 0.166667 0.128824
4 0.056159 0.406602 0.109903 0.172303
2 0.692029 0.504831 0.157005 0.165862
2 0.768116 0.643317 0.166667 0.181965
2 0.833937 0.78744 0.179952 0.199678
2 0.597222 0.664251 0.163043 0.188406
5 0.422101 0.213366 0.158213 0.172303
3 0.391304 0.476651 0.130435 0.141707
0 0.857488 0.439614 0.125604 0.148148
0 0.95471 0.591787 0.09058 0.149758
3 0.281401 0.356683 0.130435 0.140097
5 0.594807 0.277778 0.167874 0.178744
0 0.927536 0.469404 0.125604 0.146538
1 0.886473 0.663446 0.157005 0.161031
1 0.941425 0.834138 0.11715 0.196457
2 0.530797 0.593398 0.163043 0.178744
4 0.381643 0.842995 0.161836 0.204509
