5 0.44213 0.627431 0.24907400000000002 0.18541699999999994
5 0.7634260000000002 0.442014 0.208333 0.15763900000000003
2 0.690278 0.304167 0.19166700000000003 0.13333300000000003
2 0.6212959999999998 0.785069 0.20925899999999997 0.17569400000000002
3 0.381481 0.7989580000000001 0.198148 0.16458300000000003
4 0.260185 0.523264 0.21851899999999996 0.15347199999999994
4 0.581944 0.377431 0.17870399999999997 0.129861
4 0.46157400000000004 0.485417 0.18981500000000007 0.14305600000000002
0 0.316204 0.38888899999999993 0.193519 0.12916699999999998
0 0.6287040000000002 0.529167 0.16481500000000004 0.12916700000000003
2 0.197685 0.688542 0.234259 0.17986099999999994
