0 0.43603719188767565 0.6372857410296413 0.1326048049921998 0.12324542901716062
0 0.6482056786271451 0.26599088923556957 0.13572492979719175 0.13884605304212166
0 0.46489809672386906 0.09048312012480511 0.14040561622464898 0.13728549141965696
0 0.07566327613104523 0.6419654290171608 0.13572492979719192 0.1201253042121685
0 0.5390013104524181 0.9024963494539784 0.13260480499219968 0.1201253042121685
0 0.8775353510140406 0.624025460218409 0.12636455538221525 0.12480499219968799
1 0.4024956006240249 0.9001560062402497 0.1372854914196569 0.1248049921996881
1 0.790171856474259 0.8439937597503901 0.13884605304212172 0.13104524180967247
1 0.10296461778471137 0.37207513260530434 0.1653666146645866 0.1513255538221529
1 0.18096773790951648 0.11310477379095163 0.1591263650546021 0.1669261778471139
1 0.8026523556942279 0.23244929797191904 0.1450863026521061 0.15912636505460218
2 0.1911078939157566 0.7410296411856476 0.16068692667706708 0.14352574102964122
2 0.3900160998439938 0.504679937597504 0.15600624024960996 0.14508630265210604
2 0.22386870514820598 0.27613104524180965 0.16068692667706713 0.15288611544461786
2 0.6232446801872076 0.10920486739469595 0.17628755070202817 0.16536661466458658
2 0.7293289235569422 0.555381716068643 0.15756580343213733 0.14040561622464887
3 0.27925117004680183 0.840873634945398 0.1341653666146647 0.12168486739469586
3 0.3330730733229329 0.731669266770671 0.13572492979719192 0.1341653666146645
3 0.11544511700468017 0.5156008736349454 0.1435257410296412 0.1419651794071763
3 0.5085798439937598 0.2215283619344774 0.1466458658346334 0.1497659906396256
3 0.8658346333853355 0.48595918876755073 0.14352574102964122 0.13884605304212178
3 0.9001560062402496 0.747269890795632 0.1435257410296411 0.12168486739469575
3 0.602964368174727 0.6864279563182529 0.13572492979719186 0.12792511700468012
4 0.6419654290171607 0.814353073322933 0.13572492979719186 0.12168486739469575
4 0.5553817160686427 0.3837758502340095 0.16224648985959444 0.1528861154446179
4 0.2527296099843994 0.4321372854914197 0.1528861154446179 0.1497659906396256
4 0.33853354134165364 0.1645863338533542 0.16536661466458658 0.17004730109204375
4 0.9063962558502341 0.3432142277691109 0.15600624024961007 0.1528861154446179
5 0.7535101404056163 0.705148705148206 0.18096723868954756 0.1591263650546022
5 0.4828390639625585 0.7753510140405617 0.17628755070202806 0.16224648985959444
5 0.2581900780031202 0.6014038065522622 0.17628755070202826 0.1731664274570982
5 0.3931352262090485 0.3393133229329174 0.17784711388455537 0.17940767550702025
5 0.7394700780031203 0.39157566302652125 0.18096723868954767 0.18096723868954756
5 0.5592826209048363 0.5421214352574103 0.17316642745709832 0.17940767550702036
