0 0.6372857410296413 0.5608426833073323 0.12324542901716062 0.13260480499219957
0 0.26599088923556957 0.3486741965678628 0.13884605304212155 0.13572492979719192
0 0.09048312012480501 0.5319817784711388 0.13728549141965715 0.14040561622464898
0 0.6419654290171607 0.9212165990639627 0.12012530421216838 0.13572492979719197
0 0.9024963494539782 0.4578785647425898 0.12012530421216872 0.13260480499219968
0 0.624025460218409 0.11934452418096735 0.12480499219968799 0.12636455538221528
1 0.9001560062402496 0.5943842745709831 0.12480499219968799 0.13728549141965696
1 0.8439937597503901 0.206708018720749 0.13104524180967247 0.13884605304212175
1 0.3720751326053042 0.8939152574102964 0.1513255538221529 0.16536661466458658
1 0.11310477379095163 0.8159121372854914 0.1669261778471139 0.1591263650546021
1 0.23244929797191904 0.1942275195007801 0.15912636505460218 0.14508630265210612
2 0.7410296411856474 0.8057719812792513 0.14352574102964122 0.1606869266770672
2 0.504679937597504 0.6068637753510142 0.14508630265210604 0.15600624024960996
2 0.2761310452418096 0.7730111700468019 0.15288611544461797 0.16068692667706697
2 0.10920486739469595 0.3736351950078003 0.16536661466458658 0.17628755070202806
2 0.5553817160686428 0.26755095163806564 0.14040561622464898 0.15756580343213733
3 0.8408736349453978 0.7176287051482062 0.12168486739469575 0.1341653666146646
3 0.7316692667706709 0.6638068018720751 0.1341653666146645 0.13572492979719197
3 0.5156008736349453 0.8814347581903277 0.1419651794071763 0.14352574102964133
3 0.2215283619344773 0.4883000312012482 0.14976599063962576 0.14664586583463352
3 0.48595918876755073 0.13104524180967247 0.13884605304212178 0.14352574102964116
3 0.747269890795632 0.09672386895475833 0.12168486739469575 0.1435257410296412
3 0.6864279563182528 0.39391550702028094 0.12792511700468023 0.13572492979719186
4 0.8143530733229329 0.3549144461778473 0.12168486739469586 0.13572492979719192
4 0.3837758502340094 0.44149815912636514 0.15288611544461778 0.1622464898595945
4 0.4321372854914197 0.7441502652106085 0.14976599063962565 0.15288611544461772
4 0.1645863338533542 0.6583463338533542 0.17004730109204375 0.16536661466458658
4 0.3432142277691109 0.09048361934477385 0.1528861154446179 0.15600624024961
5 0.705148705148206 0.2433697347893917 0.1591263650546022 0.18096723868954762
5 0.7753510140405617 0.5140408112324495 0.16224648985959422 0.17628755070202817
5 0.6014038065522621 0.7386897971918878 0.17316642745709832 0.17628755070202828
5 0.3393133229329174 0.6037446489859595 0.17940767550702025 0.17784711388455543
5 0.3915756630265212 0.2574097971918877 0.18096723868954767 0.18096723868954764
5 0.5421214352574103 0.4375972542901717 0.17940767550702036 0.17316642745709832
