0 0.6583330000000001 0.1453125 0.19999999999999996 0.10624999999999998
1 0.6597220000000001 0.2796875 0.2138890000000001 0.12187500000000001
2 0.656944 0.4164065000000001 0.22499999999999987 0.12656199999999995
3 0.6541670000000002 0.5523435 0.213889 0.11406200000000005
4 0.648611 0.6835935 0.22499999999999998 0.12343800000000005
5 0.661111 0.8312504999999999 0.261111 0.14687499999999998
5 0.341667 0.8335935000000001 0.261111 0.14843799999999996
4 0.33194400000000013 0.6851565 0.21944400000000003 0.12343800000000005
3 0.3402780000000001 0.5539065 0.208333 0.11718800000000001
2 0.34166700000000005 0.42578150000000003 0.22222200000000006 0.126562
1 0.3416670000000001 0.2890625 0.205556 0.11875000000000002
0 0.35138900000000006 0.1570315 0.19166699999999998 0.10781299999999999
