0 0.6810608949011447 0.3523440000000001 0.1300725078043704 0.10312499999999997
0 0.48959433922996887 0.334766 0.14464133194588968 0.10234400000000005
1 0.6852235587929242 0.49648400000000015 0.14672216441207087 0.11328100000000013
1 0.4885534235171697 0.47968700000000003 0.1529656607700312 0.11562499999999998
2 0.6847031009365245 0.6328120000000002 0.15400657648283045 0.12343800000000016
2 0.49427646201873054 0.6375 0.16233090530697208 0.125
3 0.3142559833506765 0.476562 0.149843912591051 0.11562499999999998
3 0.12903192507804376 0.459375 0.16441173777315296 0.11406199999999983
4 0.6867849323621229 0.7945310000000002 0.1498439125910509 0.11875000000000013
4 0.5109261186264309 0.799609 0.15400657648283034 0.12265600000000021
5 0.29864724245577545 0.6472660000000001 0.18938572320499467 0.14453100000000008
5 0.3085329448491155 0.809375 0.1883458064516129 0.14531300000000014
5 0.09989610822060353 0.814063 0.19979221644120707 0.14843799999999996
5 0.09677436004162342 0.633203 0.19354872008324683 0.149219
