5 0.6725213427010148 0.5936529448491156 0.11631512880562067 0.12799167533818934
5 0.542935581576893 0.6087412278876172 0.11787690866510542 0.12486992715920919
5 0.6615928805620608 0.7127988345473466 0.10226410616705695 0.1103021019771071
5 0.5320061202185792 0.7211241623309054 0.11319256830601088 0.10613943808532778
0 0.2622948321623731 0.49583783558792915 0.10148271662763475 0.11342385015608752
0 0.24512124902420002 0.32674297606659725 0.1170965183450429 0.13319425598335066
1 0.3953938485558158 0.4859521331945892 0.11943768930523047 0.12695075962539026
1 0.39773601873536313 0.31425598335067645 0.12256024980483998 0.1456812486992716
3 0.4074943950039033 0.6097811446409991 0.10460627634660424 0.10197677419354834
3 0.4067140046838407 0.7154001248699272 0.09679937548790007 0.08844986472424554
2 0.5370801561280251 0.47034339229968786 0.11709651834504303 0.12278909469302823
2 0.5374708508977362 0.3085329448491155 0.12880537080405935 0.15712832466181056
4 0.6842311943793912 0.44953207075962553 0.11319256830601088 0.12695075962539032
4 0.7014047775175645 0.2924037460978149 0.12099946916471516 0.1560874089490114
