2 0.390625 0.46210975000000004 0.16458299999999998 0.13515600000000016
2 0.1979170000000001 0.47617175 0.15000000000000008 0.12734399999999996
1 0.19687500000000005 0.62187475 0.16250000000000003 0.12343799999999994
1 0.398958 0.63476575 0.16041700000000003 0.13671900000000003
0 0.20729200000000003 0.7820307500000001 0.13958300000000004 0.11406200000000011
0 0.406771 0.80546875 0.161458 0.13281200000000004
3 0.59375 0.63945275 0.16875000000000007 0.13515600000000005
3 0.8052080000000001 0.66328075 0.19583300000000003 0.13906300000000005
4 0.18958300000000006 0.30664075 0.13750000000000007 0.124219
4 0.36197900000000005 0.29140674999999994 0.159375 0.12343800000000005
5 0.6 0.44453075 0.2166669999999999 0.159375
5 0.5713540000000001 0.26523474999999996 0.19895800000000002 0.16015600000000002
5 0.8171870000000001 0.25234375 0.23020800000000008 0.17187499999999997
5 0.835938 0.4527347500000001 0.23645800000000006 0.17421899999999996
