4 0.5688474375000001 0.44883072514619893 0.08300799999999997 0.13157935087719297
3 0.6933594375000001 0.5219296988304095 0.07421899999999992 0.1140350380116959
5 0.3906254375 0.6308482280701755 0.09960900000000006 0.1535092426900585
5 0.46630843749999995 0.7836255423976609 0.092773 0.13742678947368425
1 0.8227534375000001 0.6907894663742692 0.08105499999999999 0.11842061695906447
2 0.7895504375 0.5511698874269008 0.08886700000000003 0.12573091374269008
2 0.6728514375000001 0.332601899122807 0.08789100000000005 0.12719277339181284
4 0.5776364375 0.5994152500000001 0.08886700000000003 0.12573091374269008
2 0.6420894375 0.7748533859649124 0.09082000000000012 0.12573091374269008
2 0.6977534375000001 0.6608183479532165 0.0927730000000001 0.12573091374269008
3 0.8496094375000001 0.3347956871345031 0.08789099999999994 0.13157935087719297
