5 0.6654958313817331 0.6321538397502602 0.12724459016393452 0.11758551508844961
5 0.520296268540203 0.6441203746097817 0.12568281030444972 0.12486992715920919
5 0.490632443403591 0.7445367741935485 0.11943768930523024 0.0988550260145683
5 0.6307569711163155 0.7403751092611863 0.12177985948477765 0.10301768990634763
1 0.3645589383294302 0.5109261186264308 0.12490241998438728 0.13319425598335055
1 0.3821232162373146 0.31477644120707604 0.1459799531615925 0.17585881373569207
0 0.1896955503512882 0.5083248283038502 0.12958676034348174 0.12799167533818945
0 0.18305973458235753 0.3241416857440166 0.13817305230288854 0.1675334859521331
2 0.5359090710382514 0.5078043704474507 0.13817305230288834 0.13319425598335083
2 0.5604998594847777 0.3298647242455776 0.1467603434816549 0.1748178980228928
4 0.7029665573770492 0.4890738813735692 0.13661227166276346 0.1290325910509887
4 0.7529275253708041 0.3319455567117586 0.1491025136612023 0.17065523413111344
3 0.3524593911007027 0.7388137356919875 0.09757976580796252 0.08532811654526551
3 0.3622167681498829 0.6378768782518209 0.11241217798594855 0.09365244536940687
