0 0.15200800000000006 0.381805335243553 0.254302 0.18481400000000003
1 0.15392000000000006 0.636103335243553 0.26577400000000007 0.20916900000000005
2 0.4885280000000001 0.377507335243553 0.2887190000000001 0.222063
3 0.49617600000000006 0.12535833524355308 0.26195000000000007 0.19914000000000004
4 0.8279160000000001 0.37750733524355307 0.27151100000000017 0.20487100000000008
5 0.833652 0.12965633524355297 0.32887199999999983 0.259312
0 0.152964 0.888252335243553 0.25621399999999994 0.18624600000000002
1 0.15487600000000007 0.1289393352435531 0.275335 0.203438
2 0.489484 0.885386335243553 0.290631 0.20916899999999994
3 0.497132 0.634670335243553 0.26768600000000004 0.1977080000000001
4 0.832696 0.8832373352435531 0.28107100000000007 0.2020059999999999
5 0.8336519999999998 0.6303723352435531 0.3326959999999999 0.25214900000000007
