5 0.6621089999999998 0.625 0.13984399999999997 0.172917
5 0.816016 0.582812 0.14453099999999997 0.16562499999999997
5 0.871875 0.777083 0.16406200000000004 0.21041699999999997
5 0.6867190000000001 0.827604 0.16406200000000004 0.219792
4 0.765625 0.423958 0.114062 0.11875000000000002
4 0.726953 0.297396 0.10703099999999999 0.10312499999999997
3 0.49179699999999993 0.643229 0.11484399999999995 0.140625
3 0.499609 0.828125 0.127344 0.170833
2 0.589844 0.32500000000000007 0.114062 0.10625000000000001
2 0.622266 0.4625 0.11953099999999994 0.125
1 0.467969 0.344271 0.10781300000000005 0.107292
1 0.475 0.49375 0.11562500000000003 0.13125000000000003
0 0.338672 0.374479 0.10078100000000001 0.10312499999999997
0 0.3316410000000001 0.523438 0.103906 0.12187499999999996
