0 0.502340592823713 0.326403659043659 0.1372854914196568 0.1496881496881498
0 0.3884555382215289 0.12785829521829517 0.1497659906396257 0.1767148440748441
0 0.7379095163806553 0.15384615384615402 0.14664586583463335 0.17463617463617453
4 0.5842436193447739 0.1029106860706861 0.16068692667706697 0.2058213721413722
2 0.2878317628705148 0.26403359667359666 0.17004730109204375 0.191268523908524
3 0.5530423712948518 0.4407484407484408 0.13572492979719186 0.14552981288981282
3 0.4875197503900156 0.5374220374220374 0.13572492979719192 0.1392928066528067
2 0.13494564742589707 0.43347160083160086 0.1638060530421218 0.17255750519750518
2 0.4079560686427457 0.4407484407484407 0.16068692667706724 0.16632049896049905
2 0.6419654290171607 0.5478173804573805 0.14820642745709822 0.15176681912681916
2 0.7230886739469579 0.40124773388773405 0.1544466770670827 0.16632049896049894
2 0.613884305772231 0.2858631185031185 0.1544466770670827 0.18503151767151765
1 0.45865884555382225 0.27858627858627855 0.14352574102964122 0.16632049896049897
0 0.27769060842433707 0.4376299376299376 0.13104524180967236 0.15592515592515593
5 0.8666144149765991 0.28690195426195453 0.1981274258970358 0.22453222453222454
