5 0.44808768149882916 0.4797086368366285 0.1405152224824357 0.14776308012487005
5 0.29547191256830607 0.492716087408949 0.13973483216237326 0.15504649323621233
5 0.2622948321623732 0.3152968990634757 0.16081236533957854 0.1935483870967742
5 0.45081954722872775 0.30384982310093656 0.1584701951600312 0.19979188345473467
4 0.34035884465261507 0.7492198959417273 0.09836015612802496 0.09573327783558805
4 0.32201417642466823 0.6378768782518212 0.11631512880562062 0.11238293444328817
3 0.6124123028883685 0.4828303850156088 0.11631512880562056 0.12695075962539026
3 0.6323187509758003 0.3283043496357961 0.12334163934426234 0.1571283246618107
2 0.4781422014051522 0.7414150260145681 0.10538666666666668 0.09469336108220605
2 0.4652612646370023 0.6207077627471385 0.11553473848555817 0.1175855150884495
1 0.5921151600312256 0.7403751092611863 0.10070232630757225 0.09261152965660768
1 0.6085093520686964 0.6149847242455777 0.10538666666666663 0.11446376690946913
0 0.7162371896955504 0.7304894068678461 0.094457205308353 0.08116545265348596
0 0.7451206245121 0.6092616857440167 0.10382488680718172 0.10509852237252881
