0 0.77679517169615 0.32226600000000016 0.10718035379812707 0.088281
0 0.6279921748178983 0.27968700000000013 0.11966734651404787 0.09375000000000003
1 0.765348095733611 0.44804700000000014 0.11966734651404787 0.10078100000000012
1 0.6087412278876172 0.40898400000000007 0.1311134235171696 0.10390599999999994
2 0.7419354838709679 0.566797 0.13527608740894914 0.10859400000000008
2 0.5853276170655568 0.551172 0.14464133194588968 0.11484400000000006
3 0.4588973152965662 0.38437500000000013 0.13527608740894914 0.10625000000000007
3 0.2944845785639959 0.3453130000000001 0.164411737773153 0.11093700000000001
4 0.5770032882414152 0.7035160000000001 0.14047866805411036 0.11171900000000012
5 0.39698280957336113 0.695703 0.18210231009365252 0.12890599999999997
5 0.19771038501560875 0.679297 0.20187271592091588 0.147656
5 0.415192840790843 0.542578 0.17689873048907379 0.13515599999999994
5 0.22684703433923015 0.503125 0.2018727159209157 0.15000000000000002
