4 0.4722867759562842 0.7466176066597295 0.09211603434816551 0.09053069719042672
4 0.4035904449648711 0.6654521540062435 0.08899347384855583 0.10093685744016645
1 0.6530055893832944 0.5775237460978149 0.09445720530835289 0.10613943808532789
1 0.5909440749414521 0.4594177731529656 0.10772883684621393 0.1279916753381895
0 0.7513657455113193 0.4828303850156088 0.09914154566744737 0.10822027055150868
0 0.6920370960187354 0.3605617481789804 0.10382488680718194 0.12174817898022894
3 0.5210776580796254 0.36056174817898023 0.102264106167057 0.11966734651404787
3 0.44964846213895404 0.23100969823100942 0.12334163934426229 0.15400657648283037
5 0.4051522248243561 0.4667011862643081 0.12802498048399685 0.14255950052029132
5 0.3274789071038253 0.33766959417273673 0.1381730523028884 0.15920915712799177
5 0.22326332552693207 0.4656602705515088 0.13583088212334116 0.15504649323621228
5 0.31811122560499616 0.5717997086368366 0.11943768930523047 0.13839783558792917
2 0.5667449804839968 0.6592096566077004 0.09523759562841538 0.10718035379812685
2 0.4937550039032007 0.5650367533818939 0.1053866666666668 0.12070726326742998
