3 0.39635400000000004 0.4531247500000001 0.09270800000000001 0.08906299999999995
3 0.303646 0.4109377499999999 0.09687500000000004 0.0921880000000001
1 0.508333 0.49414075 0.12291699999999978 0.10078100000000001
1 0.660417 0.55976575 0.141667 0.11640600000000001
0 0.5515620000000001 0.35976575 0.11562499999999998 0.11328099999999991
0 0.708854 0.41679675000000005 0.140625 0.11953099999999994
4 0.454167 0.7394527500000001 0.10416699999999995 0.09921900000000006
4 0.573958 0.80273475 0.12291700000000005 0.10859399999999986
5 0.34635400000000005 0.67929675 0.10520800000000008 0.10078100000000001
5 0.36197900000000005 0.57031275 0.109375 0.10312499999999991
5 0.26927100000000004 0.51835975 0.09895800000000002 0.10078099999999995
5 0.247917 0.62851575 0.097917 0.09453099999999992
