5 0.3716164885496185 0.4417209990749308 0.1852883275503121 0.2488435892691952
5 0.5569048160999306 0.762719777983349 0.15752960444136027 0.2081402775208141
2 0.6946561554476058 0.6896394449583719 0.1332404718945177 0.19148969472710453
2 0.2140878834142956 0.6207212580943571 0.17557207494795296 0.209065420906568
3 0.20020852185981974 0.3811281036077706 0.1644687855655795 0.19796469935245137
4 0.47571120055517024 0.2599443108233118 0.15336549618320605 0.2183168547641073
4 0.6214429979181125 0.581405661424607 0.1297708813324081 0.17853868640148007
4 0.5135319361554476 0.461147012025902 0.14295672449687713 0.1896394079555967
0 0.6099929493407358 0.3159114893617022 0.12907736294240113 0.19333998149861237
0 0.46981229701596117 0.6281224051803886 0.12907736294240113 0.16466253469010173
2 0.31054789729354637 0.19750212765957453 0.17973618320610685 0.2340422941720629
