3 0.457729 0.422705 0.13043499999999997 0.136876
2 0.362319 0.635266 0.15942 0.17874400000000001
4 0.231884 0.764895 0.15217399999999998 0.17391299999999998
2 0.6600239999999999 0.8067630000000001 0.16787399999999997 0.20289900000000005
1 0.756643 0.8969399999999998 0.16787399999999997 0.18679499999999993
0 0.717995 0.425121 0.12922699999999998 0.12238300000000002
5 0.528986 0.141707 0.15941999999999995 0.15136900000000003
5 0.808575 0.32045100000000004 0.17029000000000005 0.17391300000000004
5 0.768116 0.161031 0.166667 0.15781
4 0.10386499999999999 0.73752 0.15942 0.18679500000000004
4 0.533213 0.911433 0.16787400000000002 0.1771339999999999
4 0.24516900000000003 0.935588 0.16666700000000004 0.12882400000000005
4 0.056159 0.406602 0.109903 0.17230300000000004
2 0.692029 0.504831 0.15700499999999995 0.16586200000000006
2 0.768116 0.6433170000000001 0.166667 0.18196500000000004
2 0.8339370000000002 0.78744 0.179952 0.19967800000000002
2 0.5972219999999999 0.6642509999999999 0.16304299999999994 0.18840599999999996
5 0.422101 0.213366 0.15821300000000005 0.17230299999999998
3 0.391304 0.47665099999999994 0.13043500000000002 0.14170699999999997
0 0.857488 0.43961399999999995 0.12560400000000005 0.14814799999999995
0 0.95471 0.591787 0.09058 0.14975800000000006
3 0.281401 0.356683 0.13043500000000002 0.14009699999999997
5 0.5948069999999999 0.27777799999999997 0.16787399999999997 0.17874399999999996
0 0.9275359999999999 0.469404 0.12560399999999994 0.14653799999999995
1 0.886473 0.663446 0.15700500000000006 0.16103100000000004
1 0.941425 0.834138 0.11714999999999998 0.196457
2 0.530797 0.593398 0.16304300000000005 0.17874400000000001
4 0.381643 0.842995 0.16183599999999998 0.20450900000000005
