5 0.5936529448491157 0.3261720000000001 0.12799167533818934 0.11640600000000001
5 0.6087412278876172 0.4558590000000001 0.12486992715920919 0.11796899999999999
5 0.7127988345473466 0.3371090000000001 0.11030210197710721 0.10234399999999999
5 0.7211241623309054 0.46679700000000013 0.10613943808532778 0.11328100000000013
0 0.49583783558792927 0.7367190000000001 0.11342385015608764 0.10156200000000004
0 0.3267429760665973 0.753906 0.13319425598335077 0.11718799999999996
1 0.48595213319458924 0.603516 0.12695075962539015 0.11953100000000005
1 0.31425598335067656 0.601172 0.1456812486992716 0.12265599999999988
3 0.6097811446409991 0.5914060000000001 0.10197677419354823 0.104688
3 0.7154001248699273 0.592187 0.08844986472424565 0.09687500000000016
2 0.4703433922996879 0.461719 0.12278909469302812 0.11718800000000001
2 0.30853294484911564 0.46132800000000007 0.15712832466181062 0.12890599999999997
4 0.44953207075962565 0.3144530000000001 0.12695075962539032 0.11328100000000002
4 0.29240374609781494 0.29726600000000003 0.15608740894901157 0.12109400000000001
