0 0.32226600000000005 0.221354 0.088281 0.10729200000000003
0 0.279687 0.370312 0.09375 0.11979200000000001
1 0.448047 0.232813 0.10078100000000001 0.11979200000000001
1 0.408984 0.389583 0.103906 0.13125000000000003
2 0.566797 0.25625 0.10859399999999997 0.135417
2 0.551172 0.41302099999999997 0.11484400000000006 0.14479199999999998
3 0.384375 0.539583 0.10625000000000001 0.13541700000000007
3 0.345313 0.704167 0.11093700000000001 0.16458300000000003
4 0.703516 0.421354 0.11171900000000001 0.140625
5 0.695703 0.6015619999999999 0.12890599999999997 0.182292
5 0.679297 0.801042 0.147656 0.202083
5 0.542578 0.583333 0.13515599999999994 0.17708299999999993
5 0.503125 0.771875 0.14999999999999997 0.202083
