3 0.5747591559485532 0.45772900000000005 0.13665594212218646 0.1304349999999999
2 0.3625398938906753 0.36231900000000006 0.1784566302250804 0.15942000000000012
4 0.23311930064308697 0.23188400000000003 0.17363339710610942 0.152174
2 0.1913186125401929 0.6600239999999999 0.2025727958199357 0.16787399999999997
1 0.10128659163987142 0.7566429999999998 0.1864946864951768 0.16787399999999986
0 0.572347040192926 0.7179950000000002 0.12218624276527346 0.1292270000000001
5 0.8553053906752411 0.5289860000000001 0.15112564147909957 0.1594199999999999
5 0.6768487604501607 0.8085750000000002 0.17363339710610937 0.17029000000000005
5 0.8360124581993569 0.7681160000000002 0.1575562861736336 0.166667
4 0.2604502893890678 0.10386500000000003 0.18649468649517692 0.15942000000000003
4 0.08762075080385849 0.533213 0.17524150160771698 0.16787400000000002
4 0.06350458520900336 0.24516900000000005 0.12700917041800672 0.16666700000000007
4 0.5908362668810292 0.05615900000000008 0.1720259855305467 0.10990300000000001
2 0.49276519131832797 0.692029 0.16559534083601296 0.15700499999999995
2 0.35450183762057874 0.7681160000000001 0.18167245176848884 0.1666669999999999
2 0.2106105466237942 0.8339370000000002 0.19935697427652735 0.179952
2 0.33360149356913193 0.5972219999999999 0.18810309646302265 0.16304299999999994
5 0.7837615980707395 0.42210100000000006 0.1720259855305465 0.1582130000000001
3 0.5208998858520901 0.3913040000000001 0.1414791752411576 0.13043500000000008
0 0.5578773408360129 0.857488 0.14790981993569124 0.12560400000000016
0 0.4059489919614148 0.95471 0.14951723151125418 0.09058
3 0.6406750112540194 0.2814010000000001 0.13987176366559495 0.13043500000000002
5 0.719453154340836 0.5948070000000001 0.1784566302250804 0.16787399999999997
0 0.528135234726688 0.9275360000000001 0.14630240836012853 0.12560400000000005
1 0.3344051993569131 0.8864730000000001 0.16077210771704198 0.15700500000000017
1 0.16398762379421228 0.941425 0.19614115273311886 0.11714999999999998
2 0.40434058199356926 0.530797 0.17845663022508046 0.163043
4 0.15514486334405136 0.38164300000000007 0.20418020739549855 0.1618360000000001
