5 0.3368465886026543 0.37356919875130074 0.13973483216237315 0.17273706555671187
5 0.18305973458235764 0.4157132986472425 0.1444181733021077 0.16545265348595217
5 0.12724434035909446 0.2216444536940687 0.16393392661982847 0.21019804370447448
5 0.3122558001561281 0.17117602497398543 0.16393392661982825 0.21956328824141516
4 0.23341139734582367 0.5744019979188346 0.1139729586260734 0.11862643080124868
4 0.2720532084309134 0.7008322996878251 0.10694744730679157 0.10301768990634741
3 0.5070256362217019 0.3553591675338189 0.11475434816549557 0.1404786680541103
3 0.49921973458235763 0.17065556711758587 0.1272445901639344 0.17065523413111333
2 0.4090551756440281 0.6732570239334027 0.11397295862607337 0.10613943808532778
2 0.37665848555815784 0.5359001040582727 0.1194376893052303 0.12486992715920919
1 0.5308350351288056 0.6540060770031217 0.10772883684621393 0.10718035379812685
1 0.5238095238095238 0.5046826222684703 0.11553473848555823 0.13111342351716976
0 0.6600311007025761 0.6238295109261187 0.10070232630757225 0.10301768990634752
0 0.667056612021858 0.4750255150884496 0.10382488680718183 0.121748178980229
