5 0.3541341653666147 0.4989601663201664 0.28081123244929806 0.2245322245322247
5 0.6380655226209049 0.4854473180873181 0.2776911076443057 0.23076923076923084
1 0.47971893915756636 0.312889812889813 0.24805042121684862 0.20582120582120583
4 0.10764455538221532 0.4854473180873181 0.21528911076443064 0.20997954261954255
4 0.8876755070202809 0.46153812889812895 0.21216848673946964 0.20374253638253642
0 0.7691107644305772 0.3035343035343036 0.22776911076443063 0.19542586278586282
2 0.22542926677067088 0.2879417879417879 0.26677117004680195 0.22661089397089396
2 0.5803437129485179 0.683991683991684 0.2308892355694228 0.17047783783783788
4 0.34789391575663026 0.6954258627858629 0.22152886115444614 0.16839916839916846
4 0.6271455850234011 0.13097679833679846 0.25585023400936036 0.23284790020790033
3 0.1279246177847114 0.669439002079002 0.21528861154446177 0.1580038253638255
3 0.8088926053042121 0.6372141372141373 0.2137280499219969 0.17671484407484428
1 0.1279248673946958 0.0945945114345114 0.2558497347893916 0.1891890228690228
5 0.8853351638065523 0.12681912681912694 0.21996829953198116 0.2536382536382539
3 0.19110789391575655 0.8378381704781706 0.1981274258970358 0.1580038253638255
2 0.6014038065522621 0.8503121829521829 0.22308942277691113 0.15384648648648647
0 0.391575663026521 0.8471936798336799 0.1965678627145086 0.13929280665280686
0 0.06006215288611545 0.888773056133056 0.1201243057722309 0.13929280665280663
0 0.8026523556942278 0.7952179625779626 0.20124854914196566 0.14760948024948028
0 0.9274573478939158 0.925156257796258 0.13572492979719186 0.13721413721413722
1 0.9500780031201248 0.7723496049896051 0.09048361934477378 0.1642408316008317
3 0.7527303588143526 0.9386691060291061 0.18564792511700468 0.11018744282744286
5 0.48361984399375973 0.9501042827442828 0.2433697347893916 0.08731808731808743
3 0.2574102964118565 0.9521829521829521 0.18720748829953196 0.08315975051975066
