0 0.616762 0.152008 0.18481400000000003 0.254302
1 0.362464 0.15392 0.209169 0.26577400000000007
2 0.62106 0.488528 0.222063 0.28871900000000006
3 0.8732089999999999 0.496176 0.19913999999999998 0.26195
4 0.62106 0.827916 0.20487100000000003 0.27151100000000006
5 0.868911 0.8336519999999998 0.259312 0.32887199999999994
0 0.110315 0.152964 0.18624600000000002 0.25621399999999994
1 0.869628 0.154876 0.203438 0.275335
2 0.113181 0.489484 0.209169 0.290631
3 0.363897 0.497132 0.197708 0.26768600000000004
4 0.11533 0.832696 0.202006 0.28107100000000007
5 0.368195 0.8336519999999998 0.25214900000000007 0.332696
