5 0.550781 0.51875 0.140625 0.14791700000000002
5 0.703516 0.505729 0.13984399999999997 0.155208
5 0.736719 0.683333 0.16093800000000003 0.19374999999999998
5 0.548047 0.694792 0.15859399999999996 0.19999999999999996
4 0.6585940000000001 0.248958 0.098437 0.09583300000000003
4 0.676953 0.360417 0.11640600000000001 0.11249999999999999
3 0.386328 0.515625 0.11640600000000001 0.12708299999999995
3 0.366406 0.670312 0.12343799999999999 0.157292
2 0.520703 0.256771 0.10546900000000003 0.09479199999999999
2 0.533594 0.37760399999999994 0.11562500000000003 0.11770799999999998
1 0.406641 0.257812 0.10078100000000001 0.09270800000000001
1 0.39023399999999997 0.383333 0.10546899999999998 0.11458299999999999
0 0.282422 0.267708 0.09453100000000003 0.08125000000000002
0 0.253516 0.389062 0.10390599999999997 0.10520799999999997
