0 0.561719 0.3601559999999999 0.13281199999999999 0.12343799999999999
0 0.34921900000000006 0.732031 0.13593700000000003 0.13906299999999994
0 0.532813 0.907813 0.140625 0.13750000000000007
0 0.922656 0.355469 0.13593699999999997 0.120313
0 0.458594 0.094531 0.13281200000000004 0.120313
0 0.119531 0.373437 0.126562 0.125
1 0.595313 0.09687499999999999 0.13750000000000007 0.12499999999999999
1 0.207031 0.153125 0.139063 0.13124999999999998
1 0.8953120000000001 0.625781 0.16562500000000002 0.15156199999999997
1 0.817187 0.885156 0.15937500000000004 0.16718699999999997
1 0.194531 0.765625 0.14531300000000003 0.15937499999999993
2 0.807031 0.25625 0.16093800000000003 0.14375000000000002
2 0.607812 0.492969 0.15625 0.14531300000000003
2 0.774219 0.721875 0.16093800000000003 0.15312500000000007
2 0.37421899999999997 0.889062 0.17656299999999997 0.16562500000000002
2 0.267969 0.442188 0.15781200000000004 0.140625
3 0.71875 0.15625 0.13437500000000002 0.12187499999999998
3 0.664844 0.265625 0.13593699999999997 0.13437499999999997
3 0.882812 0.482031 0.14375000000000004 0.14218700000000006
3 0.489063 0.7765630000000001 0.14687500000000003 0.15000000000000002
3 0.13125 0.511719 0.14375 0.13906300000000005
3 0.09687500000000002 0.25 0.14375 0.12187499999999998
3 0.3945310000000001 0.310937 0.13593700000000003 0.12812500000000002
4 0.35546900000000003 0.182812 0.13593700000000003 0.12187500000000001
4 0.442188 0.614062 0.16250000000000003 0.15312499999999996
4 0.745313 0.565625 0.15312499999999996 0.14999999999999997
4 0.659375 0.833594 0.16562500000000002 0.17031300000000005
4 0.09062500000000001 0.654687 0.15625 0.15312500000000007
5 0.24375 0.292187 0.18124999999999997 0.15937500000000002
5 0.514844 0.221875 0.17656300000000003 0.16249999999999998
5 0.739844 0.39609400000000006 0.17656300000000003 0.173437
5 0.6046879999999999 0.6585939999999999 0.17812499999999998 0.17968799999999996
5 0.257812 0.60625 0.18125000000000002 0.18125000000000002
5 0.43828100000000003 0.455469 0.17343700000000006 0.17968800000000001
