5 0.326172 0.404687 0.11640600000000001 0.128125
5 0.455859 0.389583 0.11796899999999999 0.125
5 0.337109 0.285417 0.10234399999999999 0.11041699999999999
5 0.466797 0.277083 0.11328099999999997 0.10624999999999998
0 0.7367190000000001 0.502604 0.10156200000000004 0.11354200000000003
0 0.753906 0.671875 0.11718799999999996 0.13333300000000003
1 0.603516 0.5125 0.11953100000000005 0.12708299999999995
1 0.601172 0.684375 0.12265599999999999 0.145833
3 0.5914059999999999 0.38854199999999994 0.104688 0.10208299999999998
3 0.592187 0.282813 0.09687500000000004 0.08854200000000001
2 0.461719 0.528125 0.11718800000000001 0.12291700000000005
2 0.46132800000000007 0.690104 0.12890600000000002 0.157292
4 0.314453 0.548958 0.11328100000000002 0.12708300000000006
4 0.297266 0.70625 0.12109400000000001 0.15625
