0 0.33795047091412755 0.853125 0.1994459833795014 0.10624999999999996
1 0.33656531855955674 0.71875 0.213296509695291 0.12187499999999996
2 0.3393356232686983 0.582031 0.224376731301939 0.12656199999999995
3 0.3421049307479225 0.446094 0.21329650969529088 0.11406200000000005
4 0.3476455401662052 0.314844 0.2243767313019391 0.12343800000000005
5 0.3351801662049865 0.16718700000000003 0.2603877008310249 0.14687500000000006
5 0.6537392797783936 0.16484400000000005 0.26038770083102514 0.14843800000000004
4 0.6634353462603879 0.313281 0.21883612188365664 0.12343800000000005
3 0.6551244321329641 0.44453100000000006 0.2077559002770083 0.11718799999999996
2 0.6537392797783934 0.572656 0.22160642659279783 0.12656200000000006
1 0.6537392797783934 0.7093750000000001 0.20498659279778397 0.11875000000000002
0 0.6440442105263158 0.841406 0.19113606648199444 0.10781299999999994
