5 0.550781 0.51875 0.140625 0.147917
5 0.703516 0.505729 0.139844 0.155208
5 0.736719 0.683333 0.160938 0.19375
5 0.548047 0.694792 0.158594 0.2
4 0.658594 0.248958 0.098437 0.095833
4 0.676953 0.360417 0.116406 0.1125
3 0.386328 0.515625 0.116406 0.127083
3 0.366406 0.670312 0.123438 0.157292
2 0.520703 0.256771 0.105469 0.094792
2 0.533594 0.377604 0.115625 0.117708
1 0.406641 0.257812 0.100781 0.092708
1 0.390234 0.383333 0.105469 0.114583
0 0.282422 0.267708 0.094531 0.08125
0 0.253516 0.389062 0.103906 0.105208
