0 0.670833 0.5031255 0.15000000000000002 0.1375
0 0.8697920000000001 0.3890625 0.177083 0.15000000000000008
0 0.84375 0.7390625 0.17499999999999993 0.14687499999999998
4 0.8958330000000001 0.5851565 0.208333 0.16093800000000003
2 0.733333 0.28828149999999997 0.19166700000000014 0.17031300000000008
3 0.55625 0.5539065 0.14583299999999982 0.13593699999999997
3 0.4593750000000001 0.4882814999999999 0.13958300000000007 0.13593699999999992
2 0.5635420000000001 0.13515649999999998 0.17291700000000004 0.16406200000000004
2 0.5562500000000001 0.40859349999999994 0.166667 0.16093800000000008
2 0.4489580000000001 0.6429685 0.15208300000000013 0.14843799999999996
2 0.5958329999999998 0.7242185 0.166667 0.15468799999999994
2 0.7114579999999999 0.6148435 0.18541699999999983 0.15468799999999994
1 0.71875 0.45937549999999994 0.166667 0.14375
0 0.5593750000000001 0.2781245000000001 0.15625000000000006 0.13124999999999992
5 0.7104169999999999 0.8679685 0.22499999999999998 0.19843699999999997
