2 0.4617490085870414 0.6077003121748179 0.13505049180327883 0.164411737773153
2 0.475800031225605 0.8002077835587929 0.12724459016393447 0.14984391259105112
1 0.6213892896174864 0.8012486992715921 0.12334163934426223 0.16233090530697203
1 0.6342702263856362 0.5993759833506764 0.13661227166276357 0.16025007284079085
0 0.7814202654176425 0.7908425390218523 0.11397295862607348 0.13943775234131117
0 0.804839968774395 0.5915711134235173 0.13270832162373158 0.16128998959417273
3 0.6389535675253708 0.404786680541103 0.13505049180327855 0.16857440166493254
3 0.6627629664324748 0.1935487200832466 0.13895444184231065 0.19562921956295537
4 0.3064013739266198 0.8085331113423517 0.12412202966432473 0.1373569198751301
4 0.29117926619828255 0.6363165036420396 0.12334163934426237 0.15920915712799166
5 0.44418373145979717 0.3985431841831426 0.1592505854800937 0.21644154006243488
5 0.26502769711163154 0.4271593756503641 0.1600309758001562 0.1987509677419354
5 0.2521467603434817 0.18158218522372527 0.1717408274785325 0.22996844953173778
5 0.45238132708821255 0.16285069719042664 0.1740829976580796 0.2362119458896982
