3 0.6019772736732572 0.5460940000000001 0.09261152965660768 0.089063
3 0.6945888033298648 0.5882810000000003 0.09677419354838723 0.09218800000000016
1 0.4901147970863685 0.5050780000000001 0.12278909469302796 0.10078100000000012
1 0.33818905306971914 0.4394530000000001 0.14151958376690948 0.11640600000000006
0 0.4469307804370448 0.6394530000000002 0.11550468262226854 0.11328099999999997
0 0.28980245577523434 0.582422 0.1404786680541103 0.11953099999999994
4 0.5442244328824144 0.25976600000000005 0.10405860561914665 0.09921900000000011
4 0.42455808532778366 0.19648400000000005 0.12278909469302823 0.10859399999999997
5 0.6519252445369408 0.3199220000000001 0.10509852237252881 0.10078100000000001
5 0.6363165036420396 0.4289060000000001 0.10926118626430803 0.10312499999999997
5 0.7289280332986474 0.48085900000000004 0.09885502601456808 0.10078099999999995
5 0.7502598126951094 0.3707030000000001 0.09781510926118642 0.09453099999999998
