0 0.6463697736143639 0.6810608949011447 0.10304449648711944 0.1300725078043704
0 0.6639340515222483 0.4895943392299688 0.10226410616705706 0.1446413319458898
1 0.5023422950819671 0.6852235587929241 0.11319256830601099 0.14672216441207087
1 0.5191261826697893 0.48855342351716957 0.11553473848555829 0.1529656607700312
2 0.3661207181889148 0.6847031009365245 0.12334163934426229 0.15400657648283045
2 0.3614363778298205 0.4942764620187303 0.12490241998438728 0.16233090530697186
3 0.522248743169399 0.3142559833506764 0.11553473848555817 0.149843912591051
3 0.5394223263075724 0.12903192507804365 0.11397295862607337 0.164411737773153
4 0.20452796252927394 0.6867849323621229 0.11865729898516791 0.1498439125910508
4 0.19945392661982836 0.5109261186264309 0.12256024980484018 0.15400657648283034
5 0.3516780015612804 0.29864724245577534 0.14441817330210777 0.1893857232049947
5 0.1896955503512882 0.3085329448491155 0.14519956284153013 0.1883458064516129
5 0.18501120999219373 0.09989610822060353 0.14832212334113978 0.19979221644120707
5 0.3657300234192039 0.09677436004162336 0.14910251366120225 0.19354872008324672
