3 0.5404106007237637 0.5747591559485532 0.13027765983112183 0.13665594212218646
2 0.6357055102533173 0.3625398938906753 0.15922769601930042 0.1784566302250804
4 0.7659831700844392 0.23311930064308697 0.15199043667068746 0.17363339710610942
2 0.33835962364294336 0.19131861254019294 0.16767149819059102 0.2025727958199358
1 0.24185717249698457 0.10128659163987147 0.167671498190591 0.18649468649517692
0 0.2804585524728588 0.5723470401929261 0.1290711170084439 0.12218624276527335
5 0.4692395560916768 0.8553053906752413 0.1592276960193002 0.1511256414790998
5 0.18998781664656209 0.6768487604501607 0.170084583835947 0.17363339710610937
5 0.23039801206272603 0.836012458199357 0.16646595416164053 0.1575562861736335
4 0.8938477442702051 0.2604502893890678 0.15922769601930042 0.18649468649517692
4 0.4650176550060313 0.08762075080385849 0.16767149819059107 0.17524150160771698
4 0.752714195416164 0.06350458520900336 0.16646595416164067 0.12700917041800672
4 0.9414961978287094 0.5908362668810292 0.10977042702050666 0.1720259855305467
2 0.30639323039807004 0.49276519131832797 0.15681560916767187 0.1655953408360129
2 0.23039801206272603 0.35450183762057874 0.16646595416164053 0.18167245176848895
2 0.16465641013268997 0.21061054662379425 0.17973492882991576 0.19935697427652746
2 0.40108586731001217 0.33360149356913193 0.16284632569360674 0.18810309646302256
5 0.5759956236429433 0.7837615980707398 0.1580221519903498 0.1720259855305467
3 0.6067554740651387 0.5208998858520901 0.13027765983112194 0.1414791752411576
0 0.14113381905910735 0.5578773408360129 0.12545248733413755 0.14790981993569136
0 0.044632231604342626 0.4059489919614149 0.08926446320868525 0.14951723151125407
3 0.7165259010856454 0.6406750112540194 0.13027765983112194 0.13987176366559495
5 0.4034979541616406 0.719453154340836 0.16767149819059107 0.1784566302250804
0 0.07117031604342577 0.5281352347266881 0.12545248733413744 0.1463024083601287
1 0.11218378287092884 0.33440519935691315 0.156815609167672 0.16077210771704192
1 0.05790120627261772 0.16398762379421228 0.11580241254523543 0.19614115273311886
2 0.46743074065138734 0.40434058199356926 0.1628463256936068 0.1784566302250804
4 0.61640482026538 0.15514486334405148 0.16164078166465623 0.20418020739549836
