2 0.537109 0.390625 0.13515600000000005 0.16458299999999998
2 0.523047 0.197917 0.12734399999999996 0.15000000000000002
1 0.377344 0.196875 0.12343799999999999 0.16250000000000003
1 0.364453 0.3989579999999999 0.13671900000000003 0.16041699999999998
0 0.217188 0.20729200000000003 0.114062 0.13958300000000004
0 0.19375000000000003 0.406771 0.13281200000000004 0.161458
3 0.35976600000000003 0.59375 0.135156 0.16875000000000007
3 0.33593799999999996 0.8052080000000001 0.139063 0.19583300000000003
4 0.6925779999999999 0.189583 0.12421899999999997 0.13750000000000004
4 0.7078120000000001 0.36197900000000005 0.12343800000000005 0.159375
5 0.554688 0.6 0.15937500000000004 0.21666699999999994
5 0.733984 0.571354 0.16015599999999997 0.19895799999999997
5 0.746875 0.817187 0.171875 0.23020799999999997
5 0.546484 0.835938 0.17421899999999996 0.23645800000000006
