5 0.47970863683662857 0.550781 0.14776308012486994 0.14062500000000006
5 0.492716087408949 0.703516 0.15504649323621233 0.13984399999999986
5 0.3152968990634757 0.7367190000000001 0.1935483870967743 0.16093800000000014
5 0.30384982310093667 0.548047 0.19979188345473467 0.1585939999999999
4 0.7492198959417274 0.6585940000000001 0.09573327783558794 0.098437
4 0.6378768782518212 0.6769530000000001 0.11238293444328828 0.11640600000000012
3 0.48283038501560893 0.3863280000000001 0.12695075962539026 0.11640600000000006
3 0.32830434963579613 0.366406 0.1571283246618106 0.12343799999999994
2 0.7414150260145683 0.5207030000000001 0.09469336108220605 0.10546900000000003
2 0.6207077627471385 0.5335940000000001 0.11758551508844961 0.1156250000000002
1 0.7403751092611863 0.4066410000000001 0.09261152965660757 0.10078100000000001
1 0.6149847242455777 0.3902340000000001 0.11446376690946924 0.10546899999999998
0 0.7304894068678461 0.28242200000000006 0.08116545265348596 0.094531
0 0.6092616857440168 0.2535160000000001 0.10509852237252848 0.103906
