3 0.422705 0.541063270531401 0.13687599999999994 0.1304349999999999
2 0.635266 0.636473270531401 0.17874400000000001 0.15942000000000012
4 0.7648950000000001 0.766908270531401 0.1739130000000001 0.15217400000000003
2 0.8067630000000001 0.338768270531401 0.20289899999999994 0.16787399999999997
1 0.8969400000000001 0.24214927053140112 0.18679499999999993 0.16787399999999988
0 0.4251210000000001 0.2807972705314009 0.12238300000000002 0.129227
5 0.14170700000000003 0.469806270531401 0.15136900000000003 0.15941999999999984
5 0.3204510000000001 0.19021727053140092 0.17391300000000012 0.17029000000000005
5 0.1610310000000001 0.23067627053140083 0.15781000000000003 0.16666699999999998
4 0.73752 0.8949272705314011 0.18679500000000004 0.15942
4 0.911433 0.46557927053140097 0.1771339999999999 0.16787399999999997
4 0.935588 0.753623270531401 0.12882400000000005 0.16666700000000012
4 0.406602 0.9426332705314009 0.17230299999999998 0.10990299999999997
2 0.5048310000000001 0.30676327053140107 0.16586200000000012 0.1570049999999999
2 0.6433170000000001 0.23067627053140083 0.18196500000000015 0.16666699999999998
2 0.7874400000000001 0.1648552705314009 0.1996779999999999 0.17995200000000006
2 0.664251 0.40157027053140104 0.18840600000000007 0.163043
5 0.213366 0.5766912705314009 0.17230299999999996 0.15821299999999994
3 0.47665099999999994 0.6074882705314009 0.14170699999999997 0.13043499999999997
0 0.43961400000000006 0.14130427053140096 0.148148 0.12560400000000005
0 0.5917870000000001 0.044686135265700526 0.14975799999999995 0.08937227053140105
3 0.356683 0.717391270531401 0.14009699999999997 0.1304350000000002
5 0.2777780000000001 0.40398527053140104 0.17874399999999996 0.16787399999999997
0 0.4694040000000001 0.07125627053140093 0.14653799999999995 0.12560399999999994
1 0.6634460000000002 0.11231927053140098 0.16103100000000004 0.15700500000000012
1 0.834138 0.057971135265700524 0.19645699999999977 0.11594227053140105
2 0.593398 0.467995270531401 0.17874400000000001 0.16304300000000005
4 0.8429950000000002 0.617149270531401 0.20450900000000016 0.1618360000000001
