2 0.6077003121748181 0.5371090000000001 0.164411737773153 0.13515600000000028
2 0.8002077835587931 0.5230470000000002 0.149843912591051 0.1273439999999999
1 0.8012486992715924 0.3773440000000001 0.16233090530697203 0.12343800000000005
1 0.5993759833506765 0.36445300000000014 0.16025007284079074 0.13671900000000003
0 0.7908425390218524 0.2171880000000001 0.13943775234131106 0.11406200000000002
0 0.5915711134235173 0.19375000000000012 0.16128998959417262 0.1328120000000001
3 0.4047866805411031 0.35976600000000003 0.16857440166493254 0.13515600000000005
3 0.19354872008324667 0.335938 0.19562921956295526 0.13906300000000005
4 0.8085331113423517 0.6925780000000001 0.1373569198751302 0.12421900000000008
4 0.6363165036420396 0.7078120000000002 0.15920915712799166 0.12343800000000016
5 0.3985431841831427 0.554688 0.21644154006243488 0.159375
5 0.4271593756503642 0.7339840000000002 0.1987509677419355 0.16015600000000008
5 0.18158218522372532 0.746875 0.2299684495317379 0.171875
5 0.16285069719042677 0.546484 0.23621194588969827 0.1742189999999999
