0 0.22135400000000005 0.67695275 0.10729200000000005 0.08828100000000005
0 0.370312 0.71953175 0.11979200000000001 0.09375
1 0.23281300000000005 0.55117175 0.11979200000000004 0.10078100000000001
1 0.38958300000000007 0.59023475 0.1312500000000001 0.10390599999999994
2 0.25625000000000003 0.43242175000000005 0.13541700000000004 0.10859399999999986
2 0.4130210000000001 0.44804674999999994 0.14479199999999998 0.11484400000000011
3 0.539583 0.6148437499999999 0.13541700000000007 0.10625000000000007
3 0.704167 0.6539057500000001 0.16458300000000003 0.11093699999999995
4 0.42135400000000006 0.2957027499999999 0.140625 0.11171899999999998
5 0.601562 0.30351575000000003 0.18229200000000012 0.12890599999999994
5 0.801042 0.31992174999999995 0.20208300000000012 0.1476559999999999
5 0.583333 0.45664075000000004 0.17708299999999988 0.1351559999999999
5 0.771875 0.49609375 0.202083 0.14999999999999997
