4 0.251563 0.47265575000000004 0.09062500000000001 0.09218799999999999
4 0.33281300000000014 0.40390574999999995 0.10104200000000008 0.08906299999999995
1 0.4208330000000001 0.6535157500000001 0.10625000000000012 0.09453099999999992
1 0.539062 0.5914057500000001 0.12812500000000004 0.10781300000000016
0 0.515625 0.75195275 0.1083329999999999 0.09921899999999995
0 0.638021 0.69257775 0.12187499999999996 0.10390600000000005
3 0.638021 0.5214847499999999 0.11979200000000001 0.10234399999999994
3 0.767708 0.44999975000000003 0.15416699999999994 0.12343799999999999
5 0.531771 0.40546875000000004 0.1427079999999999 0.12812499999999993
5 0.6609370000000001 0.3277347500000001 0.15937500000000027 0.138281
5 0.5328130000000001 0.22343774999999994 0.15520800000000007 0.13593699999999995
5 0.42656300000000014 0.31835975000000005 0.138542 0.11953100000000011
2 0.3390620000000001 0.56718775 0.107292 0.09531200000000006
2 0.43333300000000013 0.49414075 0.12083299999999997 0.10546900000000003
