0 0.561719 0.360156 0.132812 0.123438
0 0.349219 0.732031 0.135937 0.139063
0 0.532813 0.907813 0.140625 0.1375
0 0.922656 0.355469 0.135937 0.120313
0 0.458594 0.094531 0.132812 0.120313
0 0.119531 0.373437 0.126562 0.125
1 0.595313 0.096875 0.1375 0.125
1 0.207031 0.153125 0.139063 0.13125
1 0.895312 0.625781 0.165625 0.151562
1 0.817187 0.885156 0.159375 0.167187
1 0.194531 0.765625 0.145313 0.159375
2 0.807031 0.25625 0.160938 0.14375
2 0.607812 0.492969 0.15625 0.145313
2 0.774219 0.721875 0.160938 0.153125
2 0.374219 0.889062 0.176563 0.165625
2 0.267969 0.442188 0.157812 0.140625
3 0.71875 0.15625 0.134375 0.121875
3 0.664844 0.265625 0.135937 0.134375
3 0.882812 0.482031 0.14375 0.142187
3 0.489063 0.776563 0.146875 0.15
3 0.13125 0.511719 0.14375 0.139063
3 0.096875 0.25 0.14375 0.121875
3 0.394531 0.310937 0.135937 0.128125
4 0.355469 0.182812 0.135937 0.121875
4 0.442188 0.614062 0.1625 0.153125
4 0.745313 0.565625 0.153125 0.15
4 0.659375 0.833594 0.165625 0.170313
4 0.090625 0.654687 0.15625 0.153125
5 0.24375 0.292187 0.18125 0.159375
5 0.514844 0.221875 0.176563 0.1625
5 0.739844 0.396094 0.176563 0.173437
5 0.604688 0.658594 0.178125 0.179688
5 0.257812 0.60625 0.18125 0.18125
5 0.438281 0.455469 0.173437 0.179688
