0 0.3264036590436591 0.49531200000000003 0.1496881496881498 0.13750000000000007
0 0.12785829521829528 0.6093750000000001 0.17671484407484409 0.15000000000000013
0 0.15384615384615408 0.2593750000000001 0.17463617463617465 0.1468750000000001
4 0.1029106860706861 0.413281 0.2058213721413722 0.16093800000000003
2 0.2640335966735967 0.7101560000000001 0.1912685239085241 0.17031300000000016
3 0.4407484407484409 0.444531 0.14552981288981282 0.13593699999999997
3 0.5374220374220375 0.510156 0.1392928066528067 0.13593699999999986
2 0.43347160083160086 0.8632810000000001 0.17255750519750518 0.16406200000000015
2 0.4407484407484409 0.589844 0.166320498960499 0.16093800000000014
2 0.5478173804573805 0.35546900000000003 0.1517668191268191 0.1484379999999999
2 0.4012477338877341 0.27421900000000005 0.16632049896049905 0.15468799999999996
2 0.28586311850311863 0.383594 0.18503151767151754 0.15468799999999994
1 0.27858627858627866 0.539062 0.16632049896049897 0.14375000000000004
0 0.43762993762993774 0.720313 0.15592515592515604 0.1312500000000001
5 0.28690195426195464 0.13046900000000003 0.22453222453222454 0.19843700000000003
