5 0.627431 0.5569440740740741 0.18541699999999994 0.24907400000000002
5 0.44201400000000013 0.23564807407407395 0.15763900000000014 0.208333
2 0.304167 0.3087960740740741 0.133333 0.19166700000000003
2 0.785069 0.37777807407407427 0.17569400000000013 0.20925900000000003
3 0.7989580000000001 0.6175930740740742 0.16458300000000003 0.198148
4 0.523264 0.7388890740740741 0.15347199999999994 0.21851900000000002
4 0.377431 0.4171300740740741 0.129861 0.17870400000000003
4 0.48541700000000004 0.5375000740740741 0.14305599999999996 0.18981500000000007
0 0.38888899999999993 0.6828700740740741 0.12916699999999998 0.19351899999999989
0 0.529167 0.37037007407407396 0.12916700000000003 0.16481499999999993
2 0.688542 0.8013890740740741 0.17986099999999994 0.234259
