0 0.352344 0.317188 0.103125 0.130208
0 0.334766 0.508854 0.102344 0.144792
1 0.496484 0.313021 0.113281 0.146875
1 0.479687 0.509896 0.115625 0.153125
2 0.632812 0.313542 0.123438 0.154167
2 0.6375 0.504167 0.125 0.1625
3 0.476562 0.684375 0.115625 0.15
3 0.459375 0.869792 0.114062 0.164583
4 0.794531 0.311458 0.11875 0.15
4 0.799609 0.4875 0.122656 0.154167
5 0.647266 0.7 0.144531 0.189583
5 0.809375 0.690104 0.145313 0.188542
5 0.814063 0.899479 0.148438 0.201042
5 0.633203 0.902604 0.149219 0.194792
