0 0.5070836666666667 0.5063389857369256 0.2641670000000001 0.4421551664025357
0 0.14583366666666667 0.4096674326465927 0.2700000000000002 0.3882726941362916
0 0.12833366666666673 0.7805067987321711 0.2399999999999999 0.37559381933438996
0 0.37874966666666676 0.8827255467511887 0.2741669999999999 0.22503979397781315
0 0.6124996666666667 0.28446916006339146 0.2516670000000001 0.37559381933438996
0 0.38624966666666666 0.14421543581616483 0.24416700000000013 0.28843087163232967
0 0.20208366666666666 0.16877969492868464 0.2625000000000002 0.3375593898573693
0 0.3391666666666667 0.494452852614897 0.218333 0.40887499207606975
0 0.8708336666666667 0.20126787638668792 0.23666699999999996 0.40253575277337583
0 0.8429166666666666 0.5586369730586372 0.24083300000000007 0.3597459746434231
0 0.8033336666666666 0.8446909191759113 0.23166700000000018 0.3011090491283678
0 0.6720836666666667 0.7741678605388274 0.21250000000000013 0.3692548811410461
