0 0.5063389857369258 0.49208300000000016 0.4421551664025355 0.2641670000000001
0 0.4096674326465928 0.8533330000000001 0.3882726941362915 0.27000000000000013
0 0.7805067987321712 0.8708330000000001 0.37559381933439007 0.24
0 0.8827255467511887 0.620417 0.22503979397781304 0.274167
0 0.2844691600633917 0.386667 0.37559381933439 0.25166700000000003
0 0.1442154358161649 0.612917 0.2884308716323298 0.24416700000000002
0 0.16877969492868466 0.797083 0.33755938985736933 0.26250000000000007
0 0.4944528526148971 0.66 0.4088749920760698 0.2183330000000001
0 0.201267876386688 0.12833300000000003 0.402535752773376 0.23666700000000004
0 0.5586369730586374 0.15625000000000003 0.35974597464342317 0.240833
0 0.8446909191759115 0.1958330000000001 0.30110904912836767 0.23166699999999998
0 0.7741678605388275 0.32708300000000007 0.3692548811410461 0.21250000000000005
