0 0.49208300000000005 0.49126999999999993 0.26416700000000004 0.44285699999999995
0 0.853333 0.588095 0.27 0.38888899999999993
0 0.870833 0.216667 0.24 0.37619
0 0.620417 0.114286 0.27416699999999994 0.22539699999999996
0 0.386667 0.713492 0.25166700000000003 0.37619
0 0.612917 0.854762 0.24416700000000002 0.29047599999999996
0 0.797083 0.8301587500000001 0.26250000000000007 0.3396825
0 0.6599999999999999 0.503175 0.218333 0.409524
0 0.128333 0.797619 0.23666700000000002 0.40476200000000007
0 0.15625 0.438889 0.24083299999999996 0.360317
0 0.195833 0.152381 0.231667 0.30158700000000005
0 0.327083 0.223016 0.21249999999999997 0.369841
