0 0.49127 0.5070836666666666 0.442857 0.264167
0 0.588095 0.14583366666666664 0.38888899999999993 0.27000000000000013
0 0.21666700000000014 0.12833366666666673 0.3761900000000001 0.2399999999999999
0 0.11428600000000007 0.37874966666666676 0.225397 0.2741669999999999
0 0.713492 0.6124996666666667 0.37619 0.2516670000000001
0 0.854762 0.3862496666666666 0.29047599999999985 0.24416700000000002
0 0.8301587500000001 0.20208366666666663 0.3396824999999999 0.2625000000000001
0 0.5031750000000001 0.3391666666666667 0.40952400000000005 0.218333
0 0.797619 0.8708336666666667 0.40476200000000007 0.23666700000000007
0 0.438889 0.8429166666666666 0.360317 0.24083300000000007
0 0.15238100000000004 0.8033336666666666 0.30158700000000005 0.23166700000000018
0 0.22301600000000005 0.6720836666666667 0.3698410000000001 0.21250000000000002
